1 0.81875 0.328125 0.3625 0.521875
1 0.984375 0.21875 0.0296875 0.0984375
1 0.971875 0.35 0.05546875 0.30078125
1 0.5203125 0.440625 0.078125 0.296875
1 0.58125 0.35625 0.140625 0.25625
1 0.9796875 0.38125 0.040625 0.415625
1 0.45625 0.45625 0.0484375 0.0953125
1 0.3671875 0.509375 0.14375 0.1609375
1 0.4515625 0.5578125 0.059375 0.0625
1 0.334375 0.3765625 0.0875 0.084375
1 0.453125 0.475 0.0578125 0.1421875
1 0.43125 0.546875 0.1015625 0.0859375
1 0.05 0.24375 0.084375 0.06875
1 0.0375 0.5609375 0.0734375 0.05625
1 0.459375 0.3859375 0.0453125 0.1125
1 0.403125 0.41875 0.08828125 0.140625
1 0.02890625 0.471875 0.0578125 0.115625
1 0.25625 0.5546875 0.10546875 0.06875
1 0.4640625 0.303125 0.034375 0.0671875
1 0.0890625 0.2 0.0421875 0.0609375
1 0.5875 0.7078125 0.1953125 0.2015625
1 0.2765625 0.79375 0.16875 0.41171875
1 0.4640625 0.63125 0.034375 0.084375
1 0.059375 0.79375 0.11875 0.41171875
1 0.425 0.6515625 0.0703125 0.125
1 0.203125 0.6171875 0.0515625 0.05625
1 0.4625 0.63125 0.0375 0.084375
1 0.465625 0.6328125 0.03203125 0.0875
1 0.46875 0.640625 0.02578125 0.103125
1 0.465625 0.63125 0.03125 0.0859375
1 0.4609375 0.6375 0.040625 0.0953125
1 0.4609375 0.6375 0.040625 0.09921875
1 0.4625 0.63125 0.0375 0.08671875