1 0.18125 0.328125 0.3625 0.521875
1 0.015625 0.21875 0.03046875 0.09921875
1 0.028125 0.35 0.0546875 0.3015625
1 0.4796875 0.440625 0.078125 0.296875
1 0.41875 0.35625 0.140625 0.25625
1 0.0203125 0.38125 0.040625 0.415625
1 0.54375 0.45625 0.04921875 0.09453125
1 0.6328125 0.509375 0.14375 0.16171875
1 0.5484375 0.5578125 0.059375 0.0625
1 0.665625 0.3765625 0.0875 0.084375
1 0.546875 0.475 0.0578125 0.1421875
1 0.56875 0.546875 0.1015625 0.0859375
1 0.95 0.24375 0.084375 0.06875
1 0.9625 0.5609375 0.0734375 0.05625
1 0.540625 0.3859375 0.04453125 0.1125
1 0.596875 0.41875 0.08828125 0.140625
1 0.97109375 0.471875 0.0578125 0.115625
1 0.74375 0.5546875 0.1046875 0.06875
1 0.5359375 0.303125 0.034375 0.0671875
1 0.9109375 0.2 0.04140625 0.06171875
1 0.4125 0.7078125 0.19453125 0.20234375
1 0.7234375 0.79375 0.16875 0.41171875
1 0.5359375 0.63125 0.034375 0.084375
1 0.940625 0.79375 0.11875 0.41171875
1 0.575 0.6515625 0.06953125 0.125
1 0.796875 0.6171875 0.0515625 0.05625
1 0.5375 0.63125 0.0375 0.084375
1 0.534375 0.6328125 0.0328125 0.0875
1 0.53125 0.640625 0.0265625 0.103125
1 0.534375 0.63125 0.03125 0.08671875
1 0.5390625 0.6375 0.040625 0.0953125
1 0.5390625 0.6375 0.040625 0.09921875
1 0.5375 0.63125 0.0375 0.08671875