1 0.990625 0.03125 0.0171875 0.0625
1 0.9890625 0.0421875 0.021875 0.084375
1 0.990625 0.015625 0.01875 0.03046875
1 0.946875 0.240625 0.075 0.2375
1 0.91875 0.146875 0.07421875 0.21875
1 0.84375 0.25625 0.103125 0.2046875
1 0.825 0.1515625 0.0484375 0.1328125
1 0.75625 0.153125 0.090625 0.215625
1 0.66875 0.1375 0.0625 0.1609375
1 0.6140625 0.1515625 0.0515625 0.190625
1 0.5578125 0.175 0.034375 0.171875
1 0.5671875 0.0625 0.053125 0.125
1 0.6625 0.05 0.1203125 0.1
1 0.8140625 0.034375 0.071875 0.06875
1 0.965625 0.0625 0.06875 0.125
1 0.896875 0.0671875 0.08046875 0.134375
1 0.9875 0.26875 0.025 0.15546875
1 0.984375 0.178125 0.03125 0.23046875
1 0.9875 0.1828125 0.025 0.1625
1 0.98125 0.1171875 0.0359375 0.234375
1 0.9875 0.19375 0.02421875 0.178125
1 0.9875 0.0625 0.025 0.125
1 0.9828125 0.053125 0.034375 0.10625
1 0.9875 0.046875 0.025 0.0921875
1 0.990625 0.021875 0.01796875 0.04375
1 0.71875 0.025 0.0546875 0.05
1 0.7921875 0.028125 0.05 0.05625
1 0.771875 0.028125 0.04453125 0.05625
1 0.959375 0.0265625 0.0671875 0.053125
1 0.9875 0.01875 0.025 0.0375
1 0.9875 0.03125 0.025 0.06171875
1 0.46875 0.15625 0.1421875 0.3125
1 0.84375 0.621875 0.3125 0.52421875
1 0.4953125 0.6875 0.090625 0.3765625
1 0.4875 0.7 0.10625 0.53828125
1 0.4375 0.740625 0.16875 0.50625
1 0.34375 0.75 0.11796875 0.45078125
1 0.1859375 0.7328125 0.225 0.4140625
1 0.053125 0.853125 0.103125 0.1359375