1 0.01875 0.325 0.0375 0.2609375
1 0.0125 0.3109375 0.025 0.275
1 0.009375 0.4375 0.01875 0.0765625
1 0.371875 0.225 0.0578125 0.2578125
1 0.0203125 0.28125 0.040625 0.334375
1 0.246875 0.240625 0.053125 0.284375
1 0.0515625 0.35 0.046875 0.15
1 0.409375 0.209375 0.0203125 0.259375
1 0.175 0.25625 0.0984375 0.3609375
1 0.115625 0.2859375 0.0703125 0.2515625
1 0.0171875 0.34375 0.034375 0.215625
1 0.021875 0.25 0.04375 0.1609375
1 0.3109375 0.259375 0.0671875 0.25625
1 0.409375 0.0421875 0.0203125 0.084375
1 0.3828125 0.025 0.01875 0.05
1 0.3625 0.0171875 0.0171875 0.034375
1 0.0578125 0.2015625 0.0390625 0.15
1 0.00625 0.1125 0.0125 0.1484375
1 0.00625 0.1671875 0.0109375 0.14375
1 0.0125 0.125 0.025 0.1796875
1 0.459375 0.09375 0.08125 0.1875
1 0.54375 0.0953125 0.06875 0.16875
1 0.6125 0.0875 0.0671875 0.1375
1 0.70625 0.0453125 0.078125 0.090625
1 0.878125 0.134375 0.2421875 0.26875
1 0.9375 0.3375 0.0515625 0.1640625
1 0.9640625 0.396875 0.028125 0.09375
1 0.984375 0.353125 0.0296875 0.11875
1 0.96484375 0.4828125 0.0703125 0.14375
1 0.85625 0.31875 0.046875 0.1328125
1 0.85 0.4 0.0265625 0.059375
1 0.8859375 0.384375 0.053125 0.140625
1 0.79375 0.1828125 0.0484375 0.0828125
1 0.7796875 0.246875 0.065625 0.115625
1 0.7640625 0.3171875 0.0609375 0.08125
1 0.771875 0.36875 0.028125 0.0578125
1 0.803125 0.365625 0.046875 0.1046875
1 0.875 0.515625 0.040625 0.0984375
1 0.9125 0.484375 0.0359375 0.09375
1 0.9796875 0.5765625 0.028125 0.065625
1 0.9375 0.55625 0.040625 0.075
1 0.9125 0.578125 0.0390625 0.0609375
1 0.725 0.3875 0.0421875 0.084375
1 0.709375 0.21875 0.0421875 0.121875
1 0.703125 0.309375 0.04375 0.0796875
1 0.646875 0.190625 0.06875 0.1265625
1 0.5953125 0.1953125 0.0328125 0.0828125
1 0.65625 0.2734375 0.046875 0.1046875
1 0.6140625 0.278125 0.046875 0.0859375
1 0.634375 0.353125 0.0359375 0.084375
1 0.6734375 0.4125 0.0390625 0.1140625
1 0.6140625 0.425 0.0578125 0.0953125
1 0.5625 0.334375 0.0734375 0.2
1 0.5125 0.31875 0.0328125 0.0890625
1 0.5125 0.221875 0.0953125 0.1171875
1 0.471875 0.26875 0.040625 0.06875
1 0.4859375 0.359375 0.0359375 0.0921875
1 0.4875 0.4359375 0.0546875 0.090625
1 0.43125 0.509375 0.025 0.1140625
1 0.628125 0.5203125 0.053125 0.1046875
1 0.6625 0.478125 0.028125 0.0546875
1 0.7046875 0.478125 0.053125 0.1
1 0.753125 0.465625 0.05 0.0953125
1 0.7671875 0.4203125 0.03125 0.0625
1 0.8140625 0.4546875 0.04375 0.11875
1 0.709375 0.553125 0.046875 0.09375
1 0.68125 0.5984375 0.0359375 0.021875
1 0.584375 0.55 0.0390625 0.11875
1 0.5390625 0.490625 0.040625 0.0796875
1 0.578125 0.4875 0.025 0.0515625
1 0.5765625 0.446875 0.025 0.0390625
1 0.871875 0.584375 0.0421875 0.0515625
1 0.371875 0.63125 0.0421875 0.0453125
1 0.071875 0.8 0.1421875 0.38125
1 0.040625 0.7625 0.0796875 0.30625
1 0.06875 0.703125 0.1078125 0.1875
1 0.190625 0.728125 0.1171875 0.2359375
1 0.271875 0.7265625 0.090625 0.234375
1 0.021875 0.675 0.04375 0.1296875
1 0.89609375 0.8359375 0.2078125 0.328125