1 0.1359375 0.9125 0.06484375 0.1625
1 0.3 0.95625 0.05703125 0.0875
1 0.490625 0.41875 0.03125 0.08125
1 0.15625 0.5953125 0.03046875 0.07890625
1 0.1453125 0.7203125 0.05 0.1421875
1 0.1796875 0.4921875 0.028125 0.075
1 0.3875 0.6921875 0.05078125 0.175
1 0.8890625 0.3875 0.05625 0.115625
1 0.871875 0.328125 0.028125 0.0609375
1 0.228125 0.371875 0.02578125 0.07578125
1 0.190625 0.565625 0.03125 0.0703125
1 0.084375 0.709375 0.05078125 0.13671875
1 0.471875 0.56875 0.0375 0.11328125
1 0.01875 0.575 0.0375 0.075
1 0.40625 0.3421875 0.0171875 0.0390625
1 0.078125 0.39375 0.025 0.04296875
1 0.2046875 0.8859375 0.040625 0.13125
1 0.11875 0.66875 0.0296875 0.0828125
1 0.053125 0.39375 0.01875 0.04921875
1 0.621875 0.578125 0.04375 0.13125
1 0.590625 0.675 0.065625 0.26171875
1 0.1 0.45 0.0296875 0.059375
1 0.346875 0.43125 0.0203125 0.0484375
1 0.359375 0.4625 0.021875 0.053125
1 0.2515625 0.3484375 0.01875 0.046875
1 0.134375 0.40625 0.03125 0.10546875
1 0.1625 0.40625 0.028125 0.09375
1 0.3609375 0.975 0.04375 0.05
1 0.5171875 0.496875 0.028125 0.06796875
1 0.0125 0.403125 0.021875 0.05703125
1 0.278125 0.3484375 0.01875 0.046875
1 0.7890625 0.40625 0.021875 0.0625
1 0.478125 0.7453125 0.08671875 0.240625
1 0.55625 0.896875 0.090625 0.2
1 0.4078125 0.890625 0.11015625 0.19921875
1 0.265625 0.8875 0.028125 0.075
1 0.3265625 0.8734375 0.0375 0.09375
1 0.29375 0.8828125 0.0296875 0.0875
1 0.28125 0.784375 0.025 0.11796875
1 0.334375 0.771875 0.04375 0.090625
1 0.0375 0.740625 0.07421875 0.25
1 0.228125 0.621875 0.04453125 0.17421875
1 0.190625 0.628125 0.0453125 0.1953125
1 0.084375 0.6015625 0.0453125 0.075
1 0.1125 0.55 0.03828125 0.11171875
1 0.3375 0.69375 0.0359375 0.065625
1 0.35 0.5359375 0.0421875 0.0921875
1 0.434375 0.48125 0.04375 0.140625
1 0.553125 0.528125 0.04375 0.09375
1 0.6703125 0.5328125 0.034375 0.15625
1 0.5265625 0.3625 0.034375 0.14375
1 0.834375 0.878125 0.06328125 0.12578125
1 0.815625 0.4125 0.05 0.13828125
1 0.946875 0.34375 0.046875 0.1453125
1 0.984375 0.3390625 0.03125 0.115625
1 0.11875 0.321875 0.04296875 0.04453125
1 0.196875 0.3515625 0.025 0.090625
1 0.325 0.29375 0.025 0.075
1 0.365625 0.4125 0.0234375 0.059375
1 0.2984375 0.528125 0.02265625 0.075
1 0.3078125 0.596875 0.0328125 0.059375
1 0.3484375 0.61875 0.0234375 0.0734375
1 0.25625 0.565625 0.0328125 0.09375
1 0.4046875 0.575 0.06640625 0.08828125
1 0.515625 0.621875 0.0421875 0.071875
1 0.565625 0.28125 0.0265625 0.0625
1 0.38125 0.3359375 0.015625 0.0453125
1 0.303125 0.65 0.0359375 0.0796875
1 0.703125 0.3625 0.0296875 0.071875
1 0.621875 0.459375 0.01953125 0.03828125
1 0.615625 0.3 0.025 0.075
1 0.05625 0.5203125 0.03203125 0.08359375