1 0.98125 0.325 0.0375 0.26171875
1 0.9875 0.3109375 0.025 0.275
1 0.990625 0.4375 0.01875 0.07578125
1 0.628125 0.225 0.05703125 0.25703125
1 0.9796875 0.28125 0.040625 0.334375
1 0.753125 0.240625 0.053125 0.284375
1 0.9484375 0.35 0.046875 0.15
1 0.590625 0.209375 0.01953125 0.259375
1 0.825 0.25625 0.09921875 0.36171875
1 0.884375 0.2859375 0.0703125 0.2515625
1 0.9828125 0.34375 0.034375 0.215625
1 0.978125 0.25 0.04375 0.16171875
1 0.6890625 0.259375 0.0671875 0.25625
1 0.590625 0.0421875 0.0203125 0.084375
1 0.6171875 0.025 0.01875 0.05
1 0.6375 0.0171875 0.01796875 0.034375
1 0.9421875 0.2015625 0.0390625 0.15
1 0.99375 0.1125 0.0125 0.14921875
1 0.99375 0.1671875 0.0109375 0.14375
1 0.9875 0.125 0.025 0.18046875
1 0.540625 0.09375 0.08125 0.1875
1 0.45625 0.0953125 0.06875 0.16875
1 0.3875 0.0875 0.06796875 0.1375
1 0.29375 0.0453125 0.078125 0.090625
1 0.121875 0.134375 0.2421875 0.26875
1 0.0625 0.3375 0.0515625 0.1640625
1 0.0359375 0.396875 0.028125 0.09375
1 0.015625 0.353125 0.0296875 0.11875
1 0.03515625 0.4828125 0.0703125 0.14375
1 0.14375 0.31875 0.046875 0.1328125
1 0.15 0.4 0.02578125 0.059375
1 0.1140625 0.384375 0.053125 0.140625
1 0.20625 0.1828125 0.0484375 0.0828125
1 0.2203125 0.246875 0.065625 0.115625
1 0.2359375 0.3171875 0.0609375 0.08125
1 0.228125 0.36875 0.028125 0.05703125
1 0.196875 0.365625 0.046875 0.1046875
1 0.125 0.515625 0.040625 0.09921875
1 0.0875 0.484375 0.03671875 0.09375
1 0.0203125 0.5765625 0.028125 0.065625
1 0.0625 0.55625 0.040625 0.075
1 0.0875 0.578125 0.0390625 0.0609375
1 0.275 0.3875 0.04296875 0.084375
1 0.290625 0.21875 0.0421875 0.121875
1 0.296875 0.309375 0.04375 0.0796875
1 0.353125 0.190625 0.06875 0.12578125
1 0.4046875 0.1953125 0.0328125 0.0828125
1 0.34375 0.2734375 0.046875 0.10390625
1 0.3859375 0.278125 0.046875 0.0859375
1 0.365625 0.353125 0.0359375 0.084375
1 0.3265625 0.4125 0.03984375 0.11328125
1 0.3859375 0.425 0.0578125 0.0953125
1 0.4375 0.334375 0.07421875 0.2
1 0.4875 0.31875 0.0328125 0.0890625
1 0.4875 0.221875 0.09453125 0.11796875
1 0.528125 0.26875 0.040625 0.06875
1 0.5140625 0.359375 0.03515625 0.09296875
1 0.5125 0.4359375 0.0546875 0.090625
1 0.56875 0.509375 0.025 0.11328125
1 0.371875 0.5203125 0.053125 0.1046875
1 0.3375 0.478125 0.028125 0.0546875
1 0.2953125 0.478125 0.053125 0.1
1 0.246875 0.465625 0.05 0.0953125
1 0.2328125 0.4203125 0.03125 0.0625
1 0.1859375 0.4546875 0.04375 0.11875
1 0.290625 0.553125 0.046875 0.09375
1 0.31875 0.5984375 0.0359375 0.021875
1 0.415625 0.55 0.0390625 0.11875
1 0.4609375 0.490625 0.040625 0.0796875
1 0.421875 0.4875 0.025 0.05078125
1 0.4234375 0.446875 0.025 0.0390625
1 0.128125 0.584375 0.0421875 0.0515625
1 0.628125 0.63125 0.04296875 0.04453125
1 0.928125 0.8 0.1421875 0.38125
1 0.959375 0.7625 0.0796875 0.30625
1 0.93125 0.703125 0.10703125 0.1875
1 0.809375 0.728125 0.11796875 0.23671875
1 0.728125 0.7265625 0.090625 0.234375
1 0.978125 0.675 0.04375 0.1296875
1 0.10390625 0.8359375 0.2078125 0.328125