1 0.35625 0.328125 0.146875 0.2234375
1 0.25625 0.41875 0.2078125 0.2109375
1 0.140625 0.8 0.271875 0.4
1 0.490625 0.4796875 0.121875 0.2265625
1 0.6390625 0.49375 0.13984375 0.225
1 0.378125 0.865625 0.18125 0.26875
1 0.5625 0.7265625 0.31875 0.3015625
1 0.828125 0.640625 0.21171875 0.31171875
1 0.9375 0.5375 0.1234375 0.34375
1 0.821875 0.3546875 0.1125 0.22734375
1 0.8984375 0.29375 0.1 0.165625
1 0.69375 0.371875 0.12421875 0.20703125
1 0.50625 0.24375 0.14296875 0.25546875
1 0.61875 0.228125 0.1109375 0.190625
1 0.7203125 0.171875 0.08515625 0.18828125
1 0.89375 0.1734375 0.10546875 0.17734375
1 0.175 0.55625 0.19296875 0.175
1 0.046875 0.5 0.0921875 0.178125
1 0.3734375 0.56875 0.1953125 0.2109375
1 0.84609375 0.9125 0.3078125 0.175