1 0.009375 0.03125 0.0171875 0.0625
1 0.0109375 0.0421875 0.021875 0.084375
1 0.009375 0.015625 0.01875 0.0296875
1 0.053125 0.240625 0.075 0.2375
1 0.08125 0.146875 0.0734375 0.21875
1 0.15625 0.25625 0.103125 0.2046875
1 0.175 0.1515625 0.0484375 0.1328125
1 0.24375 0.153125 0.090625 0.215625
1 0.33125 0.1375 0.0625 0.1609375
1 0.3859375 0.1515625 0.0515625 0.190625
1 0.4421875 0.175 0.034375 0.171875
1 0.4328125 0.0625 0.053125 0.125
1 0.3375 0.05 0.1203125 0.1
1 0.1859375 0.034375 0.071875 0.06875
1 0.034375 0.0625 0.06875 0.125
1 0.103125 0.0671875 0.0796875 0.134375
1 0.0125 0.26875 0.025 0.1546875
1 0.015625 0.178125 0.03125 0.2296875
1 0.0125 0.1828125 0.025 0.1625
1 0.01875 0.1171875 0.0359375 0.234375
1 0.0125 0.19375 0.0234375 0.178125
1 0.0125 0.0625 0.025 0.125
1 0.0171875 0.053125 0.034375 0.10625
1 0.0125 0.046875 0.025 0.0921875
1 0.009375 0.021875 0.0171875 0.04375
1 0.28125 0.025 0.0546875 0.05
1 0.2078125 0.028125 0.05 0.05625
1 0.228125 0.028125 0.0453125 0.05625
1 0.040625 0.0265625 0.0671875 0.053125
1 0.0125 0.01875 0.025 0.0375
1 0.0125 0.03125 0.025 0.0609375
1 0.53125 0.15625 0.1421875 0.3125
1 0.15625 0.621875 0.3125 0.5234375
1 0.5046875 0.6875 0.090625 0.3765625
1 0.5125 0.7 0.10625 0.5390625
1 0.5625 0.740625 0.16875 0.50625
1 0.65625 0.75 0.1171875 0.4515625
1 0.8140625 0.7328125 0.225 0.4140625
1 0.946875 0.853125 0.103125 0.1359375