1 0.8640625 0.9125 0.0640625 0.1625
1 0.7 0.95625 0.0578125 0.0875
1 0.509375 0.41875 0.03125 0.08125
1 0.84375 0.5953125 0.0296875 0.0796875
1 0.8546875 0.7203125 0.05 0.1421875
1 0.8203125 0.4921875 0.028125 0.075
1 0.6125 0.6921875 0.0515625 0.175
1 0.1109375 0.3875 0.05625 0.115625
1 0.128125 0.328125 0.028125 0.0609375
1 0.771875 0.371875 0.0265625 0.0765625
1 0.809375 0.565625 0.03125 0.0703125
1 0.915625 0.709375 0.0515625 0.1359375
1 0.528125 0.56875 0.0375 0.1140625
1 0.98125 0.575 0.0375 0.075
1 0.59375 0.3421875 0.0171875 0.0390625
1 0.921875 0.39375 0.025 0.0421875
1 0.7953125 0.8859375 0.040625 0.13125
1 0.88125 0.66875 0.0296875 0.0828125
1 0.946875 0.39375 0.01875 0.0484375
1 0.378125 0.578125 0.04375 0.13125
1 0.409375 0.675 0.065625 0.2609375
1 0.9 0.45 0.0296875 0.059375
1 0.653125 0.43125 0.0203125 0.0484375
1 0.640625 0.4625 0.021875 0.053125
1 0.7484375 0.3484375 0.01875 0.046875
1 0.865625 0.40625 0.03125 0.1046875
1 0.8375 0.40625 0.028125 0.09375
1 0.6390625 0.975 0.04375 0.05
1 0.4828125 0.496875 0.028125 0.0671875
1 0.9875 0.403125 0.021875 0.0578125
1 0.721875 0.3484375 0.01875 0.046875
1 0.2109375 0.40625 0.021875 0.0625
1 0.521875 0.7453125 0.0859375 0.240625
1 0.44375 0.896875 0.090625 0.2
1 0.5921875 0.890625 0.1109375 0.1984375
1 0.734375 0.8875 0.028125 0.075
1 0.6734375 0.8734375 0.0375 0.09375
1 0.70625 0.8828125 0.0296875 0.0875
1 0.71875 0.784375 0.025 0.1171875
1 0.665625 0.771875 0.04375 0.090625
1 0.9625 0.740625 0.0734375 0.25
1 0.771875 0.621875 0.0453125 0.1734375
1 0.809375 0.628125 0.0453125 0.1953125
1 0.915625 0.6015625 0.0453125 0.075
1 0.8875 0.55 0.0390625 0.1109375
1 0.6625 0.69375 0.0359375 0.065625
1 0.65 0.5359375 0.0421875 0.0921875
1 0.565625 0.48125 0.04375 0.140625
1 0.446875 0.528125 0.04375 0.09375
1 0.3296875 0.5328125 0.034375 0.15625
1 0.4734375 0.3625 0.034375 0.14375
1 0.165625 0.878125 0.0640625 0.1265625
1 0.184375 0.4125 0.05 0.1390625
1 0.053125 0.34375 0.046875 0.1453125
1 0.015625 0.3390625 0.03125 0.115625
1 0.88125 0.321875 0.0421875 0.0453125
1 0.803125 0.3515625 0.025 0.090625
1 0.675 0.29375 0.025 0.075
1 0.634375 0.4125 0.0234375 0.059375
1 0.7015625 0.528125 0.0234375 0.075
1 0.6921875 0.596875 0.0328125 0.059375
1 0.6515625 0.61875 0.0234375 0.0734375
1 0.74375 0.565625 0.0328125 0.09375
1 0.5953125 0.575 0.0671875 0.0890625
1 0.484375 0.621875 0.0421875 0.071875
1 0.434375 0.28125 0.0265625 0.0625
1 0.61875 0.3359375 0.015625 0.0453125
1 0.696875 0.65 0.0359375 0.0796875
1 0.296875 0.3625 0.0296875 0.071875
1 0.378125 0.459375 0.0203125 0.0390625
1 0.384375 0.3 0.025 0.075
1 0.94375 0.5203125 0.0328125 0.0828125