1 0.2875 0.603125 0.0921875 0.2734375
1 0.75 0.16875 0.06875 0.1609375
1 0.50625 0.4875 0.078125 0.1625
1 0.740625 0.396875 0.090625 0.3328125
1 0.440625 0.071875 0.053125 0.14375
1 0.4 0.228125 0.059375 0.103125
1 0.803125 0.409375 0.065625 0.359375
1 0.6125 0.0546875 0.059375 0.109375
1 0.553125 0.0921875 0.046875 0.0984375
1 0.8625 0.134375 0.0390625 0.078125
1 0.34375 0.0671875 0.0625 0.134375
1 0.590625 0.378125 0.15625 0.4109375
1 0.95625 0.2359375 0.040625 0.1765625
1 0.153125 0.653125 0.0546875 0.171875
1 0.378125 0.3875 0.0453125 0.1125
1 0.40625 0.353125 0.0359375 0.1375
1 0.503125 0.284375 0.0375 0.1125
1 0.890625 0.4875 0.034375 0.2203125
1 0.875 0.3453125 0.0390625 0.0765625
1 0.9125 0.325 0.0515625 0.15625