1 0.9828125 0.375 0.034375 0.16875
1 0.490625 0.0875 0.053125 0.175
1 0.89375 0.0390625 0.03828125 0.078125
1 0.990625 0.225 0.01875 0.1546875
1 0.578125 0.078125 0.05546875 0.15625
1 0.984375 0.03125 0.0296875 0.0625
1 0.753125 0.4328125 0.0390625 0.053125
1 0.8046875 0.046875 0.053125 0.09375
1 0.6609375 0.396875 0.04375 0.12578125
1 0.709375 0.053125 0.065625 0.1046875
1 0.690625 0.15625 0.06875 0.26953125
1 0.9828125 0.396875 0.034375 0.1265625
1 0.9671875 0.20625 0.0390625 0.1546875
1 0.8703125 0.390625 0.053125 0.1375
1 0.76875 0.1875 0.05703125 0.26796875
1 0.96875 0.0375 0.0359375 0.0734375
1 0.990625 0.4 0.01875 0.11875
1 0.509375 0.04375 0.0765625 0.0875
1 0.990625 0.234375 0.01875 0.11875
1 0.98125 0.2828125 0.03671875 0.353125
1 0.984375 0.2 0.0296875 0.2109375
1 0.984375 0.09375 0.03125 0.18671875
1 0.9859375 0.040625 0.028125 0.08125
1 0.98125 0.05 0.0375 0.1
1 0.984375 0.05625 0.0296875 0.1125
1 0.93125 0.065625 0.0578125 0.13125
1 0.584375 0.053125 0.04453125 0.10625
1 0.6765625 0.046875 0.08125 0.09296875
1 0.478125 0.384375 0.0546875 0.1515625
1 0.625 0.396875 0.040625 0.1265625
1 0.553125 0.328125 0.09296875 0.22578125
1 0.446875 0.246875 0.03125 0.12421875
1 0.365625 0.203125 0.1328125 0.40625
1 0.103125 0.225 0.10625 0.21171875
1 0.01875 0.221875 0.0375 0.1734375
1 0.33125 0.23125 0.078125 0.1515625
1 0.265625 0.20625 0.06171875 0.14453125
1 0.190625 0.1828125 0.08125 0.16015625
1 0.715625 0.66875 0.56875 0.41796875
1 0.20625 0.7671875 0.309375 0.27109375