1 0.0171875 0.375 0.034375 0.16875
1 0.509375 0.0875 0.053125 0.175
1 0.10625 0.0390625 0.0390625 0.078125
1 0.009375 0.225 0.01875 0.1546875
1 0.421875 0.078125 0.05546875 0.15625
1 0.015625 0.03125 0.03046875 0.0625
1 0.246875 0.4328125 0.03828125 0.053125
1 0.1953125 0.046875 0.053125 0.09375
1 0.3390625 0.396875 0.04375 0.12578125
1 0.290625 0.053125 0.065625 0.1046875
1 0.309375 0.15625 0.06875 0.26953125
1 0.0171875 0.396875 0.034375 0.12578125
1 0.0328125 0.20625 0.0390625 0.1546875
1 0.1296875 0.390625 0.053125 0.1375
1 0.23125 0.1875 0.0578125 0.2671875
1 0.03125 0.0375 0.0359375 0.0734375
1 0.009375 0.4 0.01875 0.11875
1 0.490625 0.04375 0.0765625 0.0875
1 0.009375 0.234375 0.01875 0.11875
1 0.01875 0.2828125 0.03671875 0.353125
1 0.015625 0.2 0.03046875 0.21171875
1 0.015625 0.09375 0.03125 0.18671875
1 0.0140625 0.040625 0.028125 0.08125
1 0.01875 0.05 0.0375 0.1
1 0.015625 0.05625 0.0296875 0.1125
1 0.06875 0.065625 0.0578125 0.13125
1 0.415625 0.053125 0.04453125 0.10625
1 0.3234375 0.046875 0.08125 0.09296875
1 0.521875 0.384375 0.05546875 0.15078125
1 0.375 0.396875 0.040625 0.12578125
1 0.446875 0.328125 0.0921875 0.2265625
1 0.553125 0.246875 0.03125 0.1234375
1 0.634375 0.203125 0.1328125 0.40625
1 0.896875 0.225 0.10625 0.21171875
1 0.98125 0.221875 0.0375 0.17421875
1 0.66875 0.23125 0.078125 0.1515625
1 0.734375 0.20625 0.06171875 0.14453125
1 0.809375 0.1828125 0.08125 0.1609375
1 0.284375 0.66875 0.56875 0.41796875
1 0.79375 0.7671875 0.309375 0.2703125