1 0.0203125 0.4203125 0.040625 0.125
1 0.065625 0.4578125 0.025 0.084375
1 0.20625 0.3875 0.084375 0.21328125
1 0.109375 0.4515625 0.03828125 0.109375
1 0.090625 0.425 0.04375 0.096875
1 0.153125 0.521875 0.0265625 0.0640625
1 0.465625 0.2875 0.35 0.5125
1 0.9296875 0.25 0.0921875 0.209375
1 0.853125 0.2390625 0.0890625 0.209375
1 0.7546875 0.2125 0.10859375 0.134375
1 0.73125 0.309375 0.0734375 0.1328125
1 0.671875 0.25 0.0515625 0.096875
1 0.621875 0.303125 0.05078125 0.09921875
1 0.571875 0.290625 0.078125 0.17421875
1 0.5171875 0.35 0.0375 0.109375