1 0.9796875 0.4203125 0.040625 0.125
1 0.934375 0.4578125 0.025 0.084375
1 0.79375 0.3875 0.084375 0.21328125
1 0.890625 0.4515625 0.03828125 0.109375
1 0.909375 0.425 0.04375 0.096875
1 0.846875 0.521875 0.0265625 0.0640625
1 0.534375 0.2875 0.35 0.5125
1 0.0703125 0.25 0.0921875 0.209375
1 0.146875 0.2390625 0.08828125 0.209375
1 0.2453125 0.2125 0.10859375 0.134375
1 0.26875 0.309375 0.0734375 0.1328125
1 0.328125 0.25 0.05078125 0.096875
1 0.378125 0.303125 0.05078125 0.09921875
1 0.428125 0.290625 0.078125 0.17421875
1 0.4828125 0.35 0.0375 0.109375