1 0.990625 0.4609375 0.01875 0.125
1 0.99375 0.4234375 0.0125 0.084375
1 0.978125 0.49375 0.0421875 0.2140625
1 0.990625 0.4296875 0.01875 0.109375
1 0.9890625 0.45625 0.021875 0.096875
1 0.99375 0.359375 0.0125 0.06328125
1 0.9125 0.496875 0.175 0.3234375
1 0.71875 0.59375 0.075 0.1328125
1 0.7875 0.5984375 0.08828125 0.121875
1 0.884375 0.63125 0.1078125 0.05625
1 0.90625 0.571875 0.07421875 0.13203125
1 0.96875 0.6203125 0.05078125 0.078125
1 0.9875 0.578125 0.025 0.09921875
1 0.98125 0.58125 0.0375 0.15625
1 0.990625 0.5296875 0.01875 0.109375
1 0.459375 0.0125 0.0625 0.025
1 0.6515625 0.115625 0.059375 0.125
1 0.653125 0.0421875 0.0578125 0.084375
1 0.66875 0.1125 0.0265625 0.0796875
1 0.6125 0.034375 0.08046875 0.06796875
1 0.53125 0.028125 0.0609375 0.05625
1 0.428125 0.0578125 0.078125 0.115625
1 0.3640625 0.0515625 0.0875 0.103125
1 0.2875 0.05 0.065625 0.1
1 0.234375 0.046875 0.07578125 0.09375
1 0.15625 0.0328125 0.06796875 0.065625
1 0.0953125 0.0375 0.05 0.075
1 0.409375 0.403125 0.065625 0.1125
1 0.35 0.35 0.059375 0.103125
1 0.40625 0.2921875 0.05703125 0.096875
1 0.3828125 0.196875 0.0640625 0.1015625
1 0.371875 0.08125 0.10625 0.10078125
1 0.334375 0.034375 0.1078125 0.06875
1 0.4453125 0.1625 0.05859375 0.13828125
1 0.503125 0.1265625 0.071875 0.1359375
1 0.471875 0.2734375 0.0609375 0.1140625
1 0.528125 0.2203125 0.06171875 0.08359375
1 0.546875 0.284375 0.05 0.084375
1 0.5953125 0.353125 0.07734375 0.11875
1 0.653125 0.25625 0.05703125 0.09296875
1 0.6578125 0.196875 0.046875 0.1359375
1 0.6625 0.178125 0.03671875 0.096875
1 0.653125 0.046875 0.05546875 0.09375
1 0.5640625 0.028125 0.06875 0.05625
1 0.5046875 0.03125 0.078125 0.06171875
1 0.6625 0.028125 0.0375 0.0546875
1 0.659375 0.028125 0.0421875 0.0546875
1 0.6671875 0.0203125 0.028125 0.040625
1 0.653125 0.028125 0.0546875 0.05625
1 0.653125 0.303125 0.0578125 0.1140625
1 0.665625 0.471875 0.03046875 0.06953125
1 0.6671875 0.41875 0.028125 0.0703125
1 0.6453125 0.4 0.071875 0.1640625
1 0.4625 0.4359375 0.0578125 0.09375
1 0.5453125 0.425 0.075 0.0890625
1 0.65625 0.571875 0.05 0.10625
1 0.66875 0.6375 0.0265625 0.04375
1 0.6671875 0.640625 0.028125 0.0390625
1 0.6671875 0.575 0.028125 0.08125
1 0.6484375 0.51875 0.065625 0.078125
1 0.5265625 0.61875 0.075 0.08125
1 0.509375 0.5203125 0.08828125 0.1125
1 0.4296875 0.621875 0.0875 0.07578125
1 0.428125 0.534375 0.05703125 0.09375
1 0.16875 0.025 0.0875 0.05
1 0.1375 0.025 0.0828125 0.0484375
1 0.0859375 0.01875 0.08125 0.0375
1 0.03125 0.015625 0.05703125 0.03125
1 0.78125 0.8296875 0.1984375 0.340625
1 0.484375 0.8296875 0.359375 0.340625