1 0.075 0.2796875 0.14921875 0.559375
1 0.4359375 0.2640625 0.0875 0.184375
1 0.034375 0.4234375 0.0671875 0.18125
1 0.0125 0.321875 0.025 0.0796875
1 0.0109375 0.33125 0.021875 0.059375
1 0.0078125 0.296875 0.015625 0.0890625
1 0.00625 0.25 0.0125 0.1609375
1 0.0125 0.19375 0.02421875 0.05703125
1 0.0125 0.253125 0.025 0.075
1 0.73984375 0.2796875 0.5203125 0.559375
1 0.903125 0.3609375 0.1921875 0.396875
1 0.396875 0.603125 0.053125 0.0890625
1 0.3953125 0.58125 0.034375 0.04453125
1 0.3234375 0.66875 0.04140625 0.103125
1 0.359375 0.596875 0.0609375 0.0765625
1 0.3453125 0.59375 0.046875 0.0703125
1 0.44375 0.590625 0.0453125 0.0625
1 0.45625 0.58125 0.03671875 0.04453125
1 0.39375 0.5875 0.0453125 0.05625
1 0.44375 0.584375 0.034375 0.04921875
1 0.459375 0.609375 0.0421875 0.1
1 0.296875 0.59375 0.046875 0.06796875
1 0.3515625 0.8046875 0.0625 0.14609375
1 0.2296875 0.60625 0.08125 0.0953125
1 0.184375 0.590625 0.08203125 0.0625
1 0.134375 0.746875 0.134375 0.1125
1 0.1265625 0.609375 0.09375 0.0984375
1 0.1359375 0.61875 0.13125 0.11875
1 0.2421875 0.5984375 0.05625 0.078125
1 0.028125 0.6 0.05625 0.08046875
1 0.0828125 0.590625 0.096875 0.06171875
1 0.04375 0.603125 0.0875 0.0890625
1 0.2515625 0.85625 0.053125 0.096875
1 0.4359375 0.94609375 0.046875 0.1078125
1 0.440625 0.8328125 0.04453125 0.125
1 0.396875 0.8703125 0.04375 0.13125
1 0.2875 0.5859375 0.0421875 0.053125
1 0.921875 0.671875 0.15625 0.20703125