1 0.390625 0.2125 0.23828125 0.425
1 0.040625 0.046875 0.0796875 0.09375
1 0.61875 0.278125 0.21875 0.38203125
1 0.18125 0.734375 0.36171875 0.53125
1 0.9609375 0.721875 0.078125 0.221875
1 0.940625 0.5421875 0.06796875 0.146875
1 0.96484375 0.909375 0.0703125 0.18125
1 0.7578125 0.5375 0.134375 0.1359375
1 0.70625 0.71875 0.0890625 0.2671875
1 0.8375 0.784375 0.103125 0.39453125
1 0.9859375 0.5171875 0.028125 0.096875
1 0.628125 0.68125 0.0625 0.2046875
1 0.6921875 0.8796875 0.11875 0.240625
1 0.8625 0.96875 0.09375 0.06171875
1 0.54375 0.853125 0.06875 0.29296875
1 0.571875 0.55625 0.12578125 0.17421875