1 0.034375 0.3265625 0.06875 0.365625
1 0.0359375 0.3984375 0.0515625 0.1375
1 0.228125 0.459375 0.10625 0.1609375
1 0.371875 0.271875 0.09375 0.271875
1 0.3125 0.2828125 0.0984375 0.2140625
1 0.196875 0.31875 0.09375 0.178125
1 0.128125 0.35625 0.0625 0.184375
1 0.028125 0.346875 0.0546875 0.2828125
1 0.05 0.234375 0.0453125 0.059375
1 0.0875 0.209375 0.028125 0.0625
1 0.1625 0.209375 0.0375 0.046875
1 0.25625 0.1859375 0.03125 0.065625
1 0.234375 0.16875 0.01875 0.034375
1 0.421875 0.15625 0.0390625 0.0703125
1 0.80234375 0.28984375 0.3953125 0.4953125
1 0.240625 0.765625 0.4796875 0.4546875
1 0.915625 0.646875 0.1671875 0.2171875