1 0.965625 0.3265625 0.06875 0.365625
1 0.9640625 0.3984375 0.0515625 0.1375
1 0.771875 0.459375 0.10625 0.1609375
1 0.628125 0.271875 0.09375 0.271875
1 0.6875 0.2828125 0.09921875 0.21484375
1 0.803125 0.31875 0.09375 0.178125
1 0.871875 0.35625 0.0625 0.184375
1 0.971875 0.346875 0.05546875 0.28203125
1 0.95 0.234375 0.04453125 0.059375
1 0.9125 0.209375 0.028125 0.0625
1 0.8375 0.209375 0.0375 0.046875
1 0.74375 0.1859375 0.03125 0.065625
1 0.765625 0.16875 0.01875 0.034375
1 0.578125 0.15625 0.03828125 0.06953125
1 0.19765625 0.28984375 0.3953125 0.4953125
1 0.759375 0.765625 0.4796875 0.4546875
1 0.084375 0.646875 0.1671875 0.2171875