1 0.503125 0.0875 0.13046875 0.175
1 0.48125 0.2734375 0.12578125 0.13125
1 0.515625 0.3921875 0.10546875 0.096875
1 0.45625 0.028125 0.225 0.05625
1 0.159375 0.028125 0.24453125 0.05625
1 0.05625 0.053125 0.11171875 0.10625
1 0.296875 0.046875 0.2 0.09375
1 0.215625 0.128125 0.15 0.1
1 0.1015625 0.0625 0.203125 0.125
1 0.0609375 0.1203125 0.121875 0.153125
1 0.0390625 0.2 0.078125 0.103125
1 0.0359375 0.3109375 0.071875 0.171875
1 0.346875 0.215625 0.11875 0.1390625
1 0.3625 0.4328125 0.08046875 0.0625
1 0.30625 0.390625 0.09375 0.1125
1 0.43125 0.334375 0.05 0.10546875
1 0.13125 0.275 0.0953125 0.16875
1 0.2375 0.278125 0.13125 0.171875
1 0.0359375 0.409375 0.071875 0.0953125
1 0.1125 0.4296875 0.090625 0.0625
1 0.453125 0.49375 0.06875 0.065625
1 0.4734375 0.559375 0.053125 0.03828125
1 0.8671875 0.196875 0.059375 0.16328125
1 0.915625 0.215625 0.0421875 0.146875
1 0.965625 0.209375 0.0578125 0.13125
1 0.9046875 0.034375 0.065625 0.06796875
1 0.96875 0.03125 0.04375 0.0609375
1 0.915625 0.021875 0.0375 0.04375
1 0.671875 0.028125 0.0671875 0.05625
1 0.6015625 0.059375 0.065625 0.11875
1 0.7140625 0.0375 0.046875 0.075
1 0.85 0.05625 0.065625 0.11171875
1 0.775 0.046875 0.06796875 0.09375
1 0.7765625 0.025 0.03125 0.05
1 0.728125 0.059375 0.059375 0.1171875
1 0.796875 0.08125 0.059375 0.1625
1 0.85 0.0609375 0.0546875 0.121875
1 0.903125 0.05625 0.04921875 0.1125
1 0.9421875 0.071875 0.040625 0.14375
1 0.584375 0.0203125 0.0296875 0.040625
1 0.63125 0.078125 0.04375 0.15625
1 0.7625 0.146875 0.0390625 0.1125
1 0.675 0.0890625 0.04921875 0.17265625
1 0.584375 0.09375 0.03125 0.1546875
1 0.58125 0.109375 0.025 0.128125
1 0.5828125 0.246875 0.028125 0.1453125
1 0.578125 0.190625 0.0203125 0.0578125
1 0.578125 0.2 0.01875 0.0671875
1 0.58125 0.278125 0.02421875 0.121875
1 0.6125 0.2625 0.03125 0.090625
1 0.7796875 0.3125 0.04765625 0.2375
1 0.725 0.2953125 0.0515625 0.2
1 0.8375 0.2984375 0.04296875 0.13359375
1 0.88125 0.309375 0.0390625 0.109375
1 0.578125 0.353125 0.0171875 0.0984375
1 0.584375 0.421875 0.0296875 0.128125
1 0.578125 0.4046875 0.01796875 0.103125
1 0.91875 0.378125 0.0296875 0.125
1 0.96875 0.303125 0.04296875 0.078125
1 0.98125 0.3765625 0.0359375 0.090625
1 0.9578125 0.4046875 0.04140625 0.12734375
1 0.871875 0.415625 0.0453125 0.109375
1 0.83125 0.425 0.0328125 0.1171875
1 0.803125 0.478125 0.0390625 0.1109375
1 0.7703125 0.4671875 0.0296875 0.078125
1 0.721875 0.421875 0.04296875 0.07578125
1 0.740625 0.503125 0.034375 0.08671875
1 0.84375 0.51875 0.025 0.078125
1 0.93125 0.515625 0.034375 0.0828125
1 0.984375 0.4828125 0.0296875 0.090625
1 0.984375 0.55625 0.03125 0.046875
1 0.578125 0.5421875 0.0171875 0.075
1 0.575 0.471875 0.01328125 0.07421875
1 0.515625 0.903125 0.10625 0.15546875
1 0.734375 0.871875 0.33203125 0.25546875