1 0.625 0.1 0.06875 0.2
1 0.815625 0.159375 0.19375 0.27421875
1 0.871875 0.3921875 0.1265625 0.13125
1 0.6125 0.4390625 0.04375 0.109375
1 0.834375 0.5125 0.1109375 0.096875
1 0.7375 0.49375 0.0671875 0.0703125
1 0.853125 0.028125 0.29375 0.05625
1 0.9390625 0.028125 0.121875 0.05625
1 0.95625 0.071875 0.0859375 0.14375
1 0.95 0.121875 0.1 0.1828125
1 0.9625 0.246875 0.075 0.1
1 0.934375 0.1625 0.13046875 0.165625
1 0.9546875 0.2390625 0.090625 0.153125
1 0.965625 0.31875 0.06875 0.103125
1 0.9671875 0.4296875 0.065625 0.171875
1 0.9703125 0.334375 0.059375 0.1390625
1 0.975 0.5515625 0.0484375 0.0625
1 0.9765625 0.509375 0.046875 0.1125
1 0.921875 0.453125 0.05 0.10546875
1 0.665625 0.5875 0.1046875 0.10625
1 0.646875 0.521875 0.1140625 0.109375
1 0.9765625 0.39375 0.046875 0.16875
1 0.9671875 0.396875 0.065625 0.171875
1 0.9671875 0.528125 0.065625 0.0953125
1 0.978125 0.5484375 0.04375 0.0625
1 0.9 0.6125 0.06875 0.065625
1 0.8796875 0.684375 0.053125 0.05
1 0.1421875 0.0671875 0.128125 0.134375
1 0.409375 0.015625 0.05 0.03125
1 0.0453125 0.0078125 0.0625 0.015625
1 0.575 0.03125 0.0296875 0.0609375
1 0.903125 0.828125 0.19375 0.2375