1 0.375 0.1 0.06875 0.2
1 0.184375 0.159375 0.19375 0.2734375
1 0.128125 0.3921875 0.1265625 0.13125
1 0.3875 0.4390625 0.04375 0.109375
1 0.165625 0.5125 0.1109375 0.096875
1 0.2625 0.49375 0.0671875 0.0703125
1 0.146875 0.028125 0.29375 0.05625
1 0.0609375 0.028125 0.121875 0.05625
1 0.04375 0.071875 0.0859375 0.14375
1 0.05 0.121875 0.1 0.1828125
1 0.0375 0.246875 0.075 0.1
1 0.065625 0.1625 0.1296875 0.165625
1 0.0453125 0.2390625 0.090625 0.153125
1 0.034375 0.31875 0.06875 0.103125
1 0.0328125 0.4296875 0.065625 0.171875
1 0.0296875 0.334375 0.059375 0.1390625
1 0.025 0.5515625 0.0484375 0.0625
1 0.0234375 0.509375 0.046875 0.1125
1 0.078125 0.453125 0.05 0.1046875
1 0.334375 0.5875 0.1046875 0.10625
1 0.353125 0.521875 0.1140625 0.109375
1 0.0234375 0.39375 0.046875 0.16875
1 0.0328125 0.396875 0.065625 0.171875
1 0.0328125 0.528125 0.065625 0.0953125
1 0.021875 0.5484375 0.04375 0.0625
1 0.1 0.6125 0.06875 0.065625
1 0.1203125 0.684375 0.053125 0.05
1 0.8578125 0.0671875 0.128125 0.134375
1 0.590625 0.015625 0.05 0.03125
1 0.9546875 0.0078125 0.0625 0.015625
1 0.425 0.03125 0.0296875 0.0609375
1 0.096875 0.828125 0.19375 0.2375