1 0.4515625 0.0375 0.046875 0.075
1 0.11875 0.0328125 0.0984375 0.065625
1 0.528125 0.053125 0.06796875 0.07421875
1 0.5 0.04375 0.05703125 0.08671875
1 0.390625 0.021875 0.040625 0.04296875
1 0.51875 0.028125 0.046875 0.05625
1 0.015625 0.03125 0.03125 0.06171875
1 0.4390625 0.034375 0.0625 0.06875
1 0.065625 0.05 0.0609375 0.078125
1 0.35 0.021875 0.03828125 0.04296875
1 0.109375 0.021875 0.0421875 0.0421875
1 0.1421875 0.01875 0.025 0.0375
1 0.5796875 0.021875 0.021875 0.04375
1 0.053125 0.04375 0.0625 0.0859375
1 0.5765625 0.025 0.028125 0.05
1 0.5625 0.034375 0.05703125 0.06875
1 0.1359375 0.021875 0.034375 0.04375
1 0.56875 0.0390625 0.04296875 0.078125
1 0.575 0.021875 0.03125 0.04296875
1 0.15 0.06875 0.065625 0.0421875
1 0.25625 0.021875 0.028125 0.04296875
1 0.396875 0.04375 0.0546875 0.0875
1 0.575 0.025 0.0296875 0.05
1 0.5625 0.0296875 0.0453125 0.059375
1 0.2359375 0.0390625 0.028125 0.078125
1 0.0765625 0.04375 0.0625 0.0875
1 0.23125 0.0234375 0.025 0.046875
1 0.3890625 0.0265625 0.03125 0.053125
1 0.1625 0.0203125 0.02421875 0.040625
1 0.553125 0.0234375 0.0359375 0.046875
1 0.484375 0.04375 0.0625 0.0859375
1 0.5796875 0.01875 0.021875 0.0375
1 0.584375 0.021875 0.01328125 0.04375
1 0.58125 0.021875 0.01875 0.04375
1 0.140625 0.015625 0.021875 0.03125
1 0.315625 0.01875 0.0234375 0.0375
1 0.3453125 0.025 0.028125 0.0484375
1 0.584375 0.0125 0.01171875 0.025
1 0.575 0.04375 0.03203125 0.0875
1 0.575 0.025 0.03125 0.05
1 0.41875 0.0359375 0.03828125 0.071875
1 0.315625 0.0140625 0.0421875 0.028125
1 0.578125 0.0171875 0.0234375 0.034375
1 0.56875 0.0390625 0.04296875 0.078125
1 0.275 0.04375 0.04921875 0.0875
1 0.290625 0.01875 0.028125 0.0375
1 0.51875 0.028125 0.0359375 0.05625
1 0.51875 0.01875 0.0375 0.0375
1 0.58125 0.01875 0.0203125 0.0375
1 0.040625 0.0203125 0.0390625 0.040625
1 0.34375 0.0203125 0.0296875 0.040625
1 0.075 0.01875 0.03203125 0.03671875
1 0.278125 0.0203125 0.03046875 0.040625
1 0.034375 0.0140625 0.03828125 0.028125
1 0.38125 0.028125 0.0359375 0.0546875
1 0.0625 0.021875 0.0359375 0.04375
1 0.325 0.0203125 0.03203125 0.040625
1 0.3296875 0.053125 0.065625 0.071875
1 0.25625 0.0125 0.0203125 0.025
1 0.153125 0.025 0.028125 0.04921875
1 0.01640625 0.021875 0.0328125 0.04375
1 0.575 0.021875 0.03125 0.04375
1 0.359375 0.021875 0.025 0.04296875
1 0.125 0.0375 0.0546875 0.075
1 0.7265625 0.55 0.12265625 0.36875
1 0.60625 0.484375 0.03203125 0.63203125
1 0.3578125 0.4828125 0.3484375 0.6546875
1 0.0890625 0.553125 0.178125 0.8015625