1 0.70625 0.053125 0.0875 0.10625
1 0.3625 0.034375 0.075 0.06875
1 0.546875 0.05 0.1296875 0.1
1 0.4796875 0.046875 0.075 0.09375
1 0.04375 0.11875 0.0875 0.2375
1 0.115625 0.1125 0.1109375 0.225
1 0.2859375 0.0796875 0.078125 0.159375
1 0.203125 0.065625 0.128125 0.13125
1 0.2078125 0.0265625 0.08125 0.053125
1 0.034375 0.015625 0.06875 0.03125
1 0.609375 0.1875 0.140625 0.3734375
1 0.709375 0.115625 0.0828125 0.23125
1 0.38125 0.015625 0.0390625 0.0296875
1 0.8484375 0.2703125 0.196875 0.359375
1 0.309375 0.703125 0.3734375 0.5046875
1 0.934375 0.815625 0.0953125 0.3671875
1 0.7640625 0.684375 0.028125 0.3046875
1 0.775 0.71875 0.05 0.3546875
1 0.8171875 0.703125 0.134375 0.5078125