1 0.5484375 0.0375 0.046875 0.075
1 0.88125 0.0328125 0.09921875 0.065625
1 0.471875 0.053125 0.06796875 0.07421875
1 0.5 0.04375 0.05703125 0.08671875
1 0.609375 0.021875 0.040625 0.04296875
1 0.48125 0.028125 0.046875 0.05625
1 0.984375 0.03125 0.03125 0.06171875
1 0.5609375 0.034375 0.0625 0.06875
1 0.934375 0.05 0.0609375 0.078125
1 0.65 0.021875 0.0390625 0.0421875
1 0.890625 0.021875 0.04296875 0.04296875
1 0.8578125 0.01875 0.025 0.0375
1 0.4203125 0.021875 0.021875 0.04375
1 0.946875 0.04375 0.0625 0.08671875
1 0.4234375 0.025 0.028125 0.05
1 0.4375 0.034375 0.0578125 0.06875
1 0.8640625 0.021875 0.034375 0.04375
1 0.43125 0.0390625 0.0421875 0.078125
1 0.425 0.021875 0.03125 0.0421875
1 0.85 0.06875 0.065625 0.0421875
1 0.74375 0.021875 0.028125 0.0421875
1 0.603125 0.04375 0.0546875 0.0875
1 0.425 0.025 0.0296875 0.05
1 0.4375 0.0296875 0.0453125 0.059375
1 0.7640625 0.0390625 0.028125 0.078125
1 0.9234375 0.04375 0.0625 0.0875
1 0.76875 0.0234375 0.025 0.046875
1 0.6109375 0.0265625 0.03125 0.053125
1 0.8375 0.0203125 0.02421875 0.040625
1 0.446875 0.0234375 0.0359375 0.046875
1 0.515625 0.04375 0.0625 0.0859375
1 0.4203125 0.01875 0.021875 0.0375
1 0.415625 0.021875 0.01328125 0.04375
1 0.41875 0.021875 0.01875 0.04375
1 0.859375 0.015625 0.021875 0.03125
1 0.684375 0.01875 0.02421875 0.0375
1 0.6546875 0.025 0.028125 0.04921875
1 0.415625 0.0125 0.01171875 0.025
1 0.425 0.04375 0.03203125 0.0875
1 0.425 0.025 0.03125 0.05
1 0.58125 0.0359375 0.03828125 0.071875
1 0.684375 0.0140625 0.04296875 0.028125
1 0.421875 0.0171875 0.0234375 0.034375
1 0.43125 0.0390625 0.04296875 0.078125
1 0.725 0.04375 0.04921875 0.0875
1 0.709375 0.01875 0.028125 0.0375
1 0.48125 0.028125 0.0359375 0.05625
1 0.48125 0.01875 0.0375 0.0375
1 0.41875 0.01875 0.01953125 0.0375
1 0.959375 0.0203125 0.03828125 0.040625
1 0.65625 0.0203125 0.0296875 0.040625
1 0.925 0.01875 0.03203125 0.03671875
1 0.721875 0.0203125 0.0296875 0.040625
1 0.965625 0.0140625 0.03828125 0.028125
1 0.61875 0.028125 0.03671875 0.05546875
1 0.9375 0.021875 0.0359375 0.04375
1 0.675 0.0203125 0.0328125 0.040625
1 0.6703125 0.053125 0.065625 0.071875
1 0.74375 0.0125 0.01953125 0.025
1 0.846875 0.025 0.028125 0.04921875
1 0.98359375 0.021875 0.0328125 0.04375
1 0.425 0.021875 0.03125 0.04375
1 0.640625 0.021875 0.025 0.04296875
1 0.875 0.0375 0.0546875 0.075
1 0.2734375 0.55 0.1234375 0.36875
1 0.39375 0.484375 0.03203125 0.63203125
1 0.6421875 0.4828125 0.34765625 0.65390625
1 0.9109375 0.553125 0.178125 0.80078125