1 0.29375 0.053125 0.0875 0.10625
1 0.6375 0.034375 0.075 0.06875
1 0.453125 0.05 0.13046875 0.1
1 0.5203125 0.046875 0.075 0.09375
1 0.95625 0.11875 0.0875 0.2375
1 0.884375 0.1125 0.11171875 0.225
1 0.7140625 0.0796875 0.078125 0.159375
1 0.796875 0.065625 0.128125 0.13125
1 0.7921875 0.0265625 0.08125 0.053125
1 0.965625 0.015625 0.06875 0.03125
1 0.390625 0.1875 0.140625 0.37421875
1 0.290625 0.115625 0.0828125 0.23125
1 0.61875 0.015625 0.0390625 0.0296875
1 0.1515625 0.2703125 0.196875 0.359375
1 0.690625 0.703125 0.37421875 0.50546875
1 0.065625 0.815625 0.0953125 0.3671875
1 0.2359375 0.684375 0.028125 0.30546875
1 0.225 0.71875 0.05 0.35546875
1 0.1828125 0.703125 0.134375 0.5078125