1 0.2578125 0.221875 0.0390625 0.1296875
1 0.6875 0.9375 0.0375 0.125
1 0.31875 0.4953125 0.03125 0.103125
1 0.915625 0.328125 0.0421875 0.1515625
1 0.4375 0.2625 0.03125 0.096875
1 0.79453125 0.93984375 0.0671875 0.1203125
1 0.20625 0.45625 0.034375 0.12578125
1 0.15625 0.440625 0.053125 0.19296875
1 0.309375 0.309375 0.0375 0.153125
1 0.6125 0.140625 0.0359375 0.115625
1 0.875 0.490625 0.040625 0.11875
1 0.425 0.365625 0.0359375 0.1390625
1 0.0875 0.2171875 0.03125 0.125
1 0.8734375 0.3421875 0.03125 0.134375
1 0.6359375 0.521875 0.0296875 0.0953125
1 0.60625 0.04375 0.02578125 0.0875
1 0.584375 0.9484375 0.04375 0.103125
1 0.88125 0.625 0.0484375 0.153125
1 0.01875 0.596875 0.0359375 0.1796875
1 0.940625 0.2625 0.0234375 0.084375
1 0.371875 0.2375 0.02578125 0.1
1 0.91875 0.453125 0.028125 0.1125
1 0.59375 0.525 0.01953125 0.05703125
1 0.5125 0.121875 0.0328125 0.14375
1 0.125 0.1140625 0.01953125 0.065625
1 0.06875 0.3125 0.01875 0.04375
1 0.646875 0.0296875 0.03125 0.059375
1 0.6796875 0.1453125 0.02265625 0.10390625
1 0.0625 0.03125 0.02578125 0.06171875
1 0.078125 0.071875 0.021875 0.0625
1 0.08125 0.409375 0.059375 0.15546875
1 0.5640625 0.1625 0.040625 0.1640625
1 0.48125 0.3 0.0390625 0.1296875
1 0.9671875 0.528125 0.046875 0.18203125
1 0.821875 0.315625 0.03203125 0.14921875
1 0.35 0.346875 0.04375 0.14375
1 0.634375 0.4390625 0.034375 0.14375
1 0.965625 0.3875 0.0234375 0.109375
1 0.64375 0.2953125 0.03125 0.11875
1 0.078125 0.540625 0.0359375 0.125
1 0.725 0.06875 0.05078125 0.1375
1 0.478125 0.134375 0.03671875 0.146875
1 0.809375 0.05 0.03046875 0.09296875
1 0.109375 0.6578125 0.03671875 0.140625
1 0.615625 0.265625 0.0359375 0.13125
1 0.80625 0.159375 0.034375 0.14375
1 0.64375 0.15625 0.02578125 0.10546875
1 0.434375 0.065625 0.0421875 0.13125
1 0.140625 0.97109375 0.05625 0.0578125
1 0.390625 0.30625 0.0328125 0.15625
1 0.165625 0.246875 0.025 0.11796875
1 0.275 0.76171875 0.215625 0.4765625
1 0.446875 0.85 0.05703125 0.3
1 0.65 0.8796875 0.0515625 0.240625
1 0.7328125 0.478125 0.0359375 0.115625
1 0.796875 0.6375 0.06171875 0.196875
1 0.7234375 0.896875 0.03125 0.20625
1 0.796875 0.803125 0.040625 0.165625
1 0.571875 0.653125 0.06796875 0.26875
1 0.521875 0.66875 0.053125 0.359375
1 0.478125 0.7109375 0.0375 0.190625
1 0.4125 0.55 0.053125 0.234375
1 0.4703125 0.484375 0.05625 0.2484375
1 0.55625 0.44375 0.03203125 0.1375
1 0.521875 0.390625 0.046875 0.20703125
1 0.5875 0.4015625 0.0359375 0.2125
1 0.534375 0.234375 0.025 0.090625
1 0.509375 0.209375 0.028125 0.1328125
1 0.02265625 0.35 0.0453125 0.1875
1 0.0296875 0.2578125 0.034375 0.10234375
1 0.01875 0.13125 0.034375 0.103125
1 0.128125 0.2078125 0.04921875 0.13125
1 0.790625 0.371875 0.04375 0.1875
1 0.75 0.3625 0.034375 0.1890625
1 0.7203125 0.371875 0.028125 0.140625
1 0.84375 0.221875 0.0359375 0.1359375
1 0.88125 0.2 0.02578125 0.153125
1 0.8734375 0.1109375 0.021875 0.09375
1 0.9125 0.171875 0.0234375 0.1109375