1 0.7421875 0.221875 0.0390625 0.1296875
1 0.3125 0.9375 0.0375 0.125
1 0.68125 0.4953125 0.03125 0.103125
1 0.084375 0.328125 0.0421875 0.1515625
1 0.5625 0.2625 0.03125 0.096875
1 0.20546875 0.93984375 0.0671875 0.1203125
1 0.79375 0.45625 0.034375 0.1265625
1 0.84375 0.440625 0.053125 0.1921875
1 0.690625 0.309375 0.0375 0.153125
1 0.3875 0.140625 0.0359375 0.115625
1 0.125 0.490625 0.040625 0.11875
1 0.575 0.365625 0.0359375 0.1390625
1 0.9125 0.2171875 0.03125 0.125
1 0.1265625 0.3421875 0.03125 0.134375
1 0.3640625 0.521875 0.0296875 0.0953125
1 0.39375 0.04375 0.0265625 0.0875
1 0.415625 0.9484375 0.04375 0.103125
1 0.11875 0.625 0.0484375 0.153125
1 0.98125 0.596875 0.0359375 0.1796875
1 0.059375 0.2625 0.0234375 0.084375
1 0.628125 0.2375 0.0265625 0.1
1 0.08125 0.453125 0.028125 0.1125
1 0.40625 0.525 0.0203125 0.0578125
1 0.4875 0.121875 0.0328125 0.14375
1 0.875 0.1140625 0.0203125 0.065625
1 0.93125 0.3125 0.01875 0.04375
1 0.353125 0.0296875 0.03125 0.059375
1 0.3203125 0.1453125 0.0234375 0.1046875
1 0.9375 0.03125 0.0265625 0.0609375
1 0.921875 0.071875 0.021875 0.0625
1 0.91875 0.409375 0.059375 0.1546875
1 0.4359375 0.1625 0.040625 0.1640625
1 0.51875 0.3 0.0390625 0.1296875
1 0.0328125 0.528125 0.046875 0.1828125
1 0.178125 0.315625 0.0328125 0.1484375
1 0.65 0.346875 0.04375 0.14375
1 0.365625 0.4390625 0.034375 0.14375
1 0.034375 0.3875 0.0234375 0.109375
1 0.35625 0.2953125 0.03125 0.11875
1 0.921875 0.540625 0.0359375 0.125
1 0.275 0.06875 0.0515625 0.1375
1 0.521875 0.134375 0.0359375 0.146875
1 0.190625 0.05 0.0296875 0.0921875
1 0.890625 0.6578125 0.0359375 0.140625
1 0.384375 0.265625 0.0359375 0.13125
1 0.19375 0.159375 0.034375 0.14375
1 0.35625 0.15625 0.0265625 0.1046875
1 0.565625 0.065625 0.0421875 0.13125
1 0.859375 0.97109375 0.05625 0.0578125
1 0.609375 0.30625 0.0328125 0.15625
1 0.834375 0.246875 0.025 0.1171875
1 0.725 0.76171875 0.215625 0.4765625
1 0.553125 0.85 0.0578125 0.3
1 0.35 0.8796875 0.0515625 0.240625
1 0.2671875 0.478125 0.0359375 0.115625
1 0.203125 0.6375 0.0609375 0.196875
1 0.2765625 0.896875 0.03125 0.20625
1 0.203125 0.803125 0.040625 0.165625
1 0.428125 0.653125 0.0671875 0.26875
1 0.478125 0.66875 0.053125 0.359375
1 0.521875 0.7109375 0.0375 0.190625
1 0.5875 0.55 0.053125 0.234375
1 0.5296875 0.484375 0.05625 0.2484375
1 0.44375 0.44375 0.0328125 0.1375
1 0.478125 0.390625 0.046875 0.2078125
1 0.4125 0.4015625 0.0359375 0.2125
1 0.465625 0.234375 0.025 0.090625
1 0.490625 0.209375 0.028125 0.1328125
1 0.97734375 0.35 0.0453125 0.1875
1 0.9703125 0.2578125 0.034375 0.1015625
1 0.98125 0.13125 0.034375 0.103125
1 0.871875 0.2078125 0.0484375 0.13125
1 0.209375 0.371875 0.04375 0.1875
1 0.25 0.3625 0.034375 0.1890625
1 0.2796875 0.371875 0.028125 0.140625
1 0.15625 0.221875 0.0359375 0.1359375
1 0.11875 0.2 0.0265625 0.153125
1 0.1265625 0.1109375 0.021875 0.09375
1 0.0875 0.171875 0.0234375 0.1109375