1 0.2125 0.415625 0.140625 0.3859375
1 0.534375 0.4765625 0.0328125 0.265625
1 0.3984375 0.3890625 0.153125 0.440625
1 0.04375 0.3875 0.0859375 0.3328125
1 0.0359375 0.109375 0.071875 0.21875
1 0.0171875 0.0453125 0.034375 0.090625
1 0.0359375 0.228125 0.071875 0.45625
1 0.0546875 0.04375 0.109375 0.0875
1 0.528125 0.0375 0.04375 0.0734375
1 0.421875 0.084375 0.1265625 0.1671875
1 0.5203125 0.196875 0.059375 0.3046875
1 0.025 0.584375 0.05 0.05
1 0.278125 0.578125 0.0953125 0.0625
1 0.303125 0.15 0.0953125 0.2984375
1 0.209375 0.1078125 0.0859375 0.190625
1 0.1140625 0.1171875 0.0875 0.15
1 0.1328125 0.0421875 0.078125 0.084375
1 0.215625 0.046875 0.0671875 0.0921875
1 0.021875 0.034375 0.04375 0.0671875
1 0.63125 0.2375 0.1625 0.4375
1 0.8125 0.2375 0.16875 0.4171875
1 0.9625 0.2453125 0.0734375 0.43125
1 0.3078125 0.8046875 0.484375 0.390625