1 0.7875 0.415625 0.140625 0.3859375
1 0.465625 0.4765625 0.03203125 0.265625
1 0.6015625 0.3890625 0.153125 0.440625
1 0.95625 0.3875 0.0859375 0.3328125
1 0.9640625 0.109375 0.071875 0.21875
1 0.9828125 0.0453125 0.034375 0.090625
1 0.9640625 0.228125 0.071875 0.45625
1 0.9453125 0.04375 0.109375 0.0875
1 0.471875 0.0375 0.04375 0.0734375
1 0.578125 0.084375 0.1265625 0.1671875
1 0.4796875 0.196875 0.059375 0.3046875
1 0.975 0.584375 0.05 0.05
1 0.721875 0.578125 0.0953125 0.0625
1 0.696875 0.15 0.0953125 0.2984375
1 0.790625 0.1078125 0.08671875 0.190625
1 0.8859375 0.1171875 0.0875 0.15
1 0.8671875 0.0421875 0.078125 0.084375
1 0.784375 0.046875 0.0671875 0.0921875
1 0.978125 0.034375 0.04375 0.06796875
1 0.36875 0.2375 0.1625 0.4375
1 0.1875 0.2375 0.16875 0.4171875
1 0.0375 0.2453125 0.0734375 0.43125
1 0.6921875 0.8046875 0.484375 0.390625