1 0.13125 0.34375 0.2625 0.571875
1 0.428125 0.2734375 0.0203125 0.125
1 0.425 0.3109375 0.0125 0.084375
1 0.440625 0.240625 0.0421875 0.2140625
1 0.428125 0.3046875 0.01875 0.109375
1 0.4296875 0.2765625 0.021875 0.096875
1 0.425 0.375 0.0125 0.0640625
1 0.575 0.1984375 0.3140625 0.396875
1 0.9875 0.103125 0.025 0.20625
1 0.94375 0.0984375 0.0890625 0.196875
1 0.846875 0.065625 0.1078125 0.13125
1 0.825 0.1625 0.0734375 0.1328125
1 0.7625 0.103125 0.0515625 0.096875
1 0.715625 0.15625 0.0515625 0.0984375
1 0.6625 0.14375 0.078125 0.1734375
1 0.609375 0.203125 0.0375 0.109375
1 0.27109375 0.81484375 0.2921875 0.3703125
1 0.5375 0.909375 0.03125 0.08125
1 0.8484375 0.971875 0.028125 0.0546875
1 0.4328125 0.878125 0.028125 0.115625
1 0.425 0.81875 0.0125 0.0609375
1 0.8 0.8625 0.0265625 0.0765625
1 0.621875 0.8328125 0.015625 0.0390625
1 0.95 0.884375 0.025 0.0421875
1 0.975 0.884375 0.01875 0.0484375
1 0.928125 0.940625 0.0296875 0.059375
1 0.68125 0.921875 0.0203125 0.0484375
1 0.66875 0.953125 0.0203125 0.053125
1 0.7765625 0.8390625 0.01875 0.0484375
1 0.89375 0.896875 0.03125 0.1046875
1 0.865625 0.896875 0.028125 0.09375
1 0.50859375 0.97734375 0.0265625 0.0453125
1 0.75 0.8390625 0.01875 0.0484375
1 0.425 0.896875 0.0109375 0.0625
1 0.67734375 0.98984375 0.0421875 0.0203125
1 0.59375 0.95 0.04375 0.0984375
1 0.4734375 0.9859375 0.04375 0.028125
1 0.5015625 0.853125 0.034375 0.14375
1 0.43125 0.903125 0.0234375 0.1390625
1 0.4296875 0.834375 0.021875 0.1453125
1 0.425 0.8296875 0.0140625 0.115625
1 0.909375 0.8125 0.0421875 0.0453125
1 0.83125 0.8421875 0.025 0.090625
1 0.703125 0.784375 0.025 0.075
1 0.6625 0.903125 0.025 0.059375
1 0.728125 0.990625 0.0234375 0.01875
1 0.4625 0.771875 0.0265625 0.0625
1 0.646875 0.8265625 0.015625 0.0453125
1 0.425 0.853125 0.0140625 0.071875
1 0.4234375 0.95 0.009375 0.0390625
1 0.425 0.7890625 0.0125 0.075
1 0.971875 0.984375 0.03125 0.03125