1 0.86875 0.34375 0.2625 0.571875
1 0.571875 0.2734375 0.0203125 0.125
1 0.575 0.3109375 0.0125 0.084375
1 0.559375 0.240625 0.04296875 0.21328125
1 0.571875 0.3046875 0.01875 0.109375
1 0.5703125 0.2765625 0.021875 0.096875
1 0.575 0.375 0.0125 0.0640625
1 0.425 0.1984375 0.3140625 0.396875
1 0.0125 0.103125 0.025 0.20625
1 0.05625 0.0984375 0.0890625 0.196875
1 0.153125 0.065625 0.1078125 0.13125
1 0.175 0.1625 0.07421875 0.13203125
1 0.2375 0.103125 0.0515625 0.096875
1 0.284375 0.15625 0.0515625 0.0984375
1 0.3375 0.14375 0.078125 0.17421875
1 0.390625 0.203125 0.0375 0.109375
1 0.72890625 0.81484375 0.2921875 0.3703125
1 0.4625 0.909375 0.03125 0.08125
1 0.1515625 0.971875 0.028125 0.0546875
1 0.5671875 0.878125 0.028125 0.115625
1 0.575 0.81875 0.0125 0.0609375
1 0.2 0.8625 0.02578125 0.07578125
1 0.378125 0.8328125 0.015625 0.0390625
1 0.05 0.884375 0.025 0.0421875
1 0.025 0.884375 0.01875 0.0484375
1 0.071875 0.940625 0.0296875 0.059375
1 0.31875 0.921875 0.01953125 0.04921875
1 0.33125 0.953125 0.0203125 0.053125
1 0.2234375 0.8390625 0.01875 0.0484375
1 0.10625 0.896875 0.03125 0.10546875
1 0.134375 0.896875 0.028125 0.09375
1 0.49140625 0.97734375 0.0265625 0.0453125
1 0.25 0.8390625 0.01875 0.04765625
1 0.575 0.896875 0.01171875 0.0625
1 0.32265625 0.98984375 0.0421875 0.0203125
1 0.40625 0.95 0.04375 0.0984375
1 0.5265625 0.9859375 0.04375 0.028125
1 0.4984375 0.853125 0.034375 0.14375
1 0.56875 0.903125 0.02421875 0.13828125
1 0.5703125 0.834375 0.021875 0.14453125
1 0.575 0.8296875 0.0140625 0.115625
1 0.090625 0.8125 0.04296875 0.04453125
1 0.16875 0.8421875 0.025 0.090625
1 0.296875 0.784375 0.025 0.075
1 0.3375 0.903125 0.025 0.059375
1 0.271875 0.990625 0.02421875 0.01875
1 0.5375 0.771875 0.0265625 0.0625
1 0.353125 0.8265625 0.015625 0.0453125
1 0.575 0.853125 0.0140625 0.071875
1 0.5765625 0.95 0.009375 0.0390625
1 0.575 0.7890625 0.0125 0.075
1 0.028125 0.984375 0.03125 0.03125