1 0.284375 0.253125 0.4453125 0.43125
1 0.8296875 0.1296875 0.340625 0.259375
1 0.115625 0.915625 0.0921875 0.1671875
1 0.5765625 0.54375 0.06875 0.1484375
1 0.33125 0.85625 0.078125 0.1625
1 0.5671875 0.7625 0.090625 0.3328125
1 0.2671875 0.5046875 0.053125 0.071875
1 0.228125 0.596875 0.059375 0.103125
1 0.628125 0.7765625 0.0625 0.359375
1 0.4390625 0.496875 0.059375 0.0546875
1 0.3796875 0.49375 0.046875 0.0484375
1 0.16875 0.503125 0.0609375 0.0671875
1 0.41875 0.746875 0.15625 0.4109375
1 0.20625 0.75625 0.0453125 0.1125
1 0.23125 0.721875 0.0359375 0.1375
1 0.33125 0.653125 0.0375 0.1125
1 0.7375 0.50625 0.15625 0.0765625