1 0.715625 0.253125 0.44453125 0.43125
1 0.1703125 0.1296875 0.340625 0.259375
1 0.884375 0.915625 0.0921875 0.1671875
1 0.4234375 0.54375 0.06875 0.14921875
1 0.66875 0.85625 0.078125 0.1625
1 0.4328125 0.7625 0.090625 0.3328125
1 0.7328125 0.5046875 0.053125 0.071875
1 0.771875 0.596875 0.059375 0.103125
1 0.371875 0.7765625 0.0625 0.359375
1 0.5609375 0.496875 0.059375 0.05546875
1 0.6203125 0.49375 0.046875 0.04921875
1 0.83125 0.503125 0.0609375 0.0671875
1 0.58125 0.746875 0.15625 0.4109375
1 0.79375 0.75625 0.0453125 0.1125
1 0.76875 0.721875 0.0359375 0.1375
1 0.66875 0.653125 0.0375 0.1125
1 0.2625 0.50625 0.15625 0.0765625