1 0.125 0.28125 0.2484375 0.4578125
1 0.5625 0.2546875 0.296875 0.509375
1 0.44375 0.0453125 0.0671875 0.090625
1 0.421875 0.0375 0.025 0.075
1 0.4203125 0.028125 0.021875 0.05625
1 0.4171875 0.0625 0.015625 0.0890625
1 0.415625 0.109375 0.0125 0.1609375
1 0.421875 0.165625 0.0234375 0.0578125
1 0.421875 0.1078125 0.0265625 0.075
1 0.165625 0.896875 0.1140625 0.20625
1 0.28125 0.946875 0.040625 0.10625
1 0.065625 0.8984375 0.128125 0.203125
1 0.34296875 0.94609375 0.0203125 0.1078125
1 0.365625 0.96875 0.0171875 0.0625
1 0.3890625 0.965625 0.01875 0.0671875
1 0.39921875 0.95234375 0.0171875 0.0953125
1 0.703125 0.721875 0.3421875 0.425