1 0.803125 0.25 0.39375 0.5
1 0.475 0.334375 0.11328125 0.33203125
1 0.4796875 0.090625 0.103125 0.18125
1 0.2921875 0.090625 0.184375 0.18125
1 0.06953125 0.38359375 0.1390625 0.2328125
1 0.2875 0.3421875 0.2390625 0.315625
1 0.084375 0.103125 0.1671875 0.2046875
1 0.5 0.3390625 0.06328125 0.321875
1 0.496875 0.096875 0.06875 0.1921875
1 0.48125 0.3515625 0.1 0.296875
1 0.509375 0.096875 0.0421875 0.19375
1 0.55625 0.521875 0.04921875 0.04375
1 0.54375 0.5515625 0.025 0.103125
1 0.553125 0.525 0.04375 0.04921875
1 0.6875 0.8203125 0.046875 0.0859375
1 0.5796875 0.821875 0.0515625 0.0734375
1 0.6875 0.671875 0.0453125 0.0734375
1 0.6140625 0.9078125 0.07734375 0.08515625
1 0.628125 0.53125 0.0796875 0.0609375