1 0.196875 0.25 0.39375 0.5
1 0.525 0.334375 0.1140625 0.3328125
1 0.5203125 0.090625 0.103125 0.18125
1 0.7078125 0.090625 0.184375 0.18125
1 0.93046875 0.38359375 0.1390625 0.2328125
1 0.7125 0.3421875 0.2390625 0.315625
1 0.915625 0.103125 0.1671875 0.2046875
1 0.5 0.3390625 0.0640625 0.321875
1 0.503125 0.096875 0.06875 0.1921875
1 0.51875 0.3515625 0.1 0.296875
1 0.490625 0.096875 0.0421875 0.19375
1 0.44375 0.521875 0.0484375 0.04375
1 0.45625 0.5515625 0.025 0.103125
1 0.446875 0.525 0.04375 0.0484375
1 0.3125 0.8203125 0.046875 0.0859375
1 0.4203125 0.821875 0.0515625 0.0734375
1 0.3125 0.671875 0.0453125 0.0734375
1 0.3859375 0.9078125 0.0765625 0.0859375
1 0.371875 0.53125 0.0796875 0.0609375