1 0.109375 0.303125 0.21875 0.31171875
1 0.825 0.3421875 0.2734375 0.234375
1 0.23125 0.628125 0.03125 0.08125
1 0.334375 0.9015625 0.0515625 0.175
1 0.0140625 0.596875 0.028125 0.115625
1 0.00625 0.5375 0.0125 0.0609375
1 0.25 0.778125 0.0375 0.115625
1 0.315625 0.5515625 0.015625 0.03984375
1 0.1 0.7875 0.04375 0.13125
1 0.13125 0.8765625 0.065625 0.246875
1 0.359375 0.671875 0.0171875 0.053125
1 0.2046875 0.70625 0.028125 0.0671875
1 0.00625 0.615625 0.0109375 0.0625
1 0.24375 0.9171875 0.084375 0.165625
1 0.359375 0.74375 0.01875 0.0921875
1 0.2875 0.690625 0.04375 0.140625
1 0.16875 0.7375 0.04375 0.09375
1 0.0515625 0.7421875 0.034375 0.15625
1 0.1953125 0.571875 0.034375 0.14375
1 0.0125 0.621875 0.0234375 0.1390625
1 0.0109375 0.553125 0.021875 0.1453125
1 0.00625 0.5484375 0.0125 0.115625
1 0.35625 0.621875 0.025 0.059375
1 0.365625 0.828125 0.00703125 0.07421875
1 0.3171875 0.784375 0.06875 0.0890625
1 0.20625 0.83125 0.0421875 0.071875
1 0.15625 0.490625 0.0265625 0.0625
1 0.340625 0.5453125 0.015625 0.04375
1 0.01875 0.571875 0.03046875 0.071875
1 0.1 0.66875 0.0203125 0.0390625
1 0.10625 0.509375 0.02578125 0.075
1 0.684375 0.7296875 0.63125 0.540625