1 0.7609375 0.3546875 0.221875 0.26875
1 0.14765625 0.24375 0.2953125 0.4875
1 0.9046875 0.7578125 0.190625 0.484375
1 0.7125 0.721875 0.1234375 0.4515625
1 0.9625 0.728125 0.075 0.190625
1 0.9625 0.7 0.07421875 0.19921875
1 0.04375 0.7890625 0.0546875 0.284375
1 0.109375 0.796875 0.05546875 0.290625
1 0.609375 0.725 0.0828125 0.4703125
1 0.2875 0.8125 0.059375 0.2375
1 0.175 0.8 0.06875 0.296875
1 0.3875 0.81875 0.075 0.2359375
1 0.625 0.74375 0.04921875 0.46953125
1 0.63125 0.7703125 0.0359375 0.38125
1 0.63125 0.74375 0.03828125 0.46796875
1 0.471875 0.853125 0.053125 0.215625
1 0.525 0.8109375 0.0421875 0.2625
1 0.5625 0.6640625 0.03203125 0.125
1 0.5140625 0.6375 0.02734375 0.11171875
1 0.46875 0.6671875 0.0484375 0.184375