1 0.3234375 0.434375 0.4125 0.46953125
1 0.753125 0.3625 0.3828125 0.228125
1 0.7625 0.60625 0.39453125 0.125
1 0.234375 0.9 0.03125 0.08125
1 0.0140625 0.86875 0.028125 0.115625
1 0.00625 0.809375 0.0125 0.06171875
1 0.496875 0.853125 0.02578125 0.07578125
1 0.31875 0.8234375 0.015625 0.03984375
1 0.378125 0.9125 0.01953125 0.04921875
1 0.365625 0.94375 0.021875 0.053125
1 0.4734375 0.8296875 0.01875 0.04765625
1 0.20625 0.971875 0.02578125 0.05546875
1 0.446875 0.8296875 0.01875 0.04765625
1 0.00625 0.8875 0.01171875 0.0625
1 0.375 0.984375 0.04296875 0.03046875
1 0.290625 0.94609375 0.04375 0.1078125
1 0.1703125 0.98125 0.04375 0.0375
1 0.0546875 0.96796875 0.034375 0.0640625
1 0.1984375 0.84375 0.034375 0.14375
1 0.0125 0.89375 0.0234375 0.1390625
1 0.0109375 0.825 0.021875 0.1453125
1 0.00625 0.8203125 0.0125 0.115625
1 0.521875 0.83125 0.0140625 0.0890625
1 0.4 0.775 0.025 0.075
1 0.359375 0.89375 0.0234375 0.059375
1 0.425 0.9859375 0.02421875 0.028125
1 0.159375 0.7625 0.0265625 0.0625
1 0.34375 0.8171875 0.015625 0.04609375
1 0.021875 0.84375 0.03046875 0.071875
1 0.103125 0.940625 0.01953125 0.03828125
1 0.109375 0.78125 0.02578125 0.075
1 0.796875 0.875 0.06953125 0.25
1 0.6 0.834375 0.10078125 0.33125