1 0.2390625 0.3546875 0.221875 0.26875
1 0.85234375 0.24375 0.2953125 0.4875
1 0.0953125 0.7578125 0.190625 0.484375
1 0.2875 0.721875 0.1234375 0.4515625
1 0.0375 0.728125 0.075 0.190625
1 0.0375 0.7 0.0734375 0.1984375
1 0.95625 0.7890625 0.0546875 0.284375
1 0.890625 0.796875 0.0546875 0.290625
1 0.390625 0.725 0.0828125 0.4703125
1 0.7125 0.8125 0.059375 0.2375
1 0.825 0.8 0.06875 0.296875
1 0.6125 0.81875 0.075 0.2359375
1 0.375 0.74375 0.0484375 0.4703125
1 0.36875 0.7703125 0.0359375 0.38125
1 0.36875 0.74375 0.0390625 0.4671875
1 0.528125 0.853125 0.053125 0.215625
1 0.475 0.8109375 0.0421875 0.2625
1 0.4375 0.6640625 0.0328125 0.125
1 0.4859375 0.6375 0.0265625 0.1109375
1 0.53125 0.6671875 0.0484375 0.184375