1 0.6765625 0.434375 0.4125 0.4703125
1 0.246875 0.3625 0.38203125 0.228125
1 0.2375 0.60625 0.39453125 0.125
1 0.765625 0.9 0.03125 0.08125
1 0.9859375 0.86875 0.028125 0.115625
1 0.99375 0.809375 0.0125 0.06171875
1 0.503125 0.853125 0.0265625 0.0765625
1 0.68125 0.8234375 0.015625 0.03984375
1 0.621875 0.9125 0.0203125 0.0484375
1 0.634375 0.94375 0.021875 0.053125
1 0.5265625 0.8296875 0.01875 0.04765625
1 0.79375 0.971875 0.02578125 0.05546875
1 0.553125 0.8296875 0.01875 0.0484375
1 0.99375 0.8875 0.0109375 0.0625
1 0.625 0.984375 0.04296875 0.03046875
1 0.709375 0.94609375 0.04375 0.1078125
1 0.8296875 0.98125 0.04375 0.0375
1 0.9453125 0.96796875 0.034375 0.0640625
1 0.8015625 0.84375 0.034375 0.14375
1 0.9875 0.89375 0.0234375 0.1390625
1 0.9890625 0.825 0.021875 0.14453125
1 0.99375 0.8203125 0.0125 0.115625
1 0.478125 0.83125 0.01328125 0.08828125
1 0.6 0.775 0.025 0.075
1 0.640625 0.89375 0.0234375 0.059375
1 0.575 0.9859375 0.0234375 0.028125
1 0.840625 0.7625 0.02578125 0.0625
1 0.65625 0.8171875 0.015625 0.0453125
1 0.978125 0.84375 0.03046875 0.071875
1 0.896875 0.940625 0.0203125 0.0390625
1 0.890625 0.78125 0.02578125 0.075
1 0.203125 0.875 0.0703125 0.25
1 0.4 0.834375 0.1015625 0.33125