1 0.934375 0.20625 0.13125 0.4125
1 0.675 0.1109375 0.1546875 0.221875
1 0.853125 0.1359375 0.16171875 0.271875
1 0.9546875 0.0984375 0.090625 0.196875
1 0.553125 0.11875 0.04453125 0.171875
1 0.078125 0.2375 0.15625 0.4421875
1 0.2265625 0.325 0.203125 0.2703125
1 0.2390625 0.0375 0.15625 0.075
1 0.890625 0.715625 0.21875 0.5109375
1 0.6609375 0.728125 0.259375 0.5359375
1 0.03203125 0.91171875 0.0640625 0.1765625
1 0.22578125 0.96484375 0.0390625 0.0703125
1 0.18125 0.959375 0.03671875 0.08125
1 0.159375 0.903125 0.034375 0.065625
1 0.15 0.846875 0.0359375 0.096875
1 0.11875 0.921875 0.03203125 0.12421875
1 0.0796875 0.821875 0.03125 0.0953125
1 0.053125 0.7890625 0.0234375 0.0453125
1 0.0390625 0.7453125 0.028125 0.059375
1 0.146875 0.740625 0.0265625 0.059375
1 0.134375 0.6796875 0.028125 0.0703125
1 0.20625 0.753125 0.0265625 0.0609375
1 0.20625 0.85 0.0421875 0.1234375
1 0.271875 0.81875 0.025 0.0625
1 0.25625 0.8734375 0.03125 0.07734375
1 0.315625 0.896875 0.0421875 0.0796875
1 0.31875 0.965625 0.0453125 0.06875
1 0.375 0.8546875 0.0421875 0.0859375
1 0.30625 0.803125 0.04453125 0.071875
1 0.2375 0.771875 0.034375 0.1171875
1 0.271875 0.753125 0.028125 0.0546875
1 0.2640625 0.7015625 0.034375 0.053125
1 0.3765625 0.784375 0.0359375 0.0625
1 0.40625 0.7421875 0.028125 0.046875
1 0.4359375 0.71875 0.03125 0.090625
1 0.515625 0.84375 0.03046875 0.1375
1 0.45625 0.9546875 0.06875 0.090625
1 0.359375 0.6625 0.0359375 0.0640625