1 0.065625 0.20625 0.13125 0.4125
1 0.325 0.1109375 0.1546875 0.221875
1 0.146875 0.1359375 0.1609375 0.271875
1 0.0453125 0.0984375 0.090625 0.196875
1 0.446875 0.11875 0.04453125 0.171875
1 0.921875 0.2375 0.15625 0.4421875
1 0.7734375 0.325 0.203125 0.2703125
1 0.7609375 0.0375 0.15625 0.075
1 0.109375 0.715625 0.21875 0.5109375
1 0.3390625 0.728125 0.259375 0.5359375
1 0.96796875 0.91171875 0.0640625 0.1765625
1 0.77421875 0.96484375 0.0390625 0.0703125
1 0.81875 0.959375 0.0359375 0.08125
1 0.840625 0.903125 0.034375 0.065625
1 0.85 0.846875 0.03671875 0.096875
1 0.88125 0.921875 0.03203125 0.12421875
1 0.9203125 0.821875 0.03125 0.09453125
1 0.946875 0.7890625 0.0234375 0.0453125
1 0.9609375 0.7453125 0.028125 0.059375
1 0.853125 0.740625 0.02578125 0.059375
1 0.865625 0.6796875 0.028125 0.0703125
1 0.79375 0.753125 0.0265625 0.0609375
1 0.79375 0.85 0.04296875 0.12421875
1 0.728125 0.81875 0.025 0.0625
1 0.74375 0.8734375 0.03125 0.0765625
1 0.684375 0.896875 0.0421875 0.0796875
1 0.68125 0.965625 0.0453125 0.06875
1 0.625 0.8546875 0.04296875 0.08515625
1 0.69375 0.803125 0.04453125 0.071875
1 0.7625 0.771875 0.034375 0.1171875
1 0.728125 0.753125 0.028125 0.05546875
1 0.7359375 0.7015625 0.034375 0.053125
1 0.6234375 0.784375 0.03515625 0.0625
1 0.59375 0.7421875 0.028125 0.046875
1 0.5640625 0.71875 0.03125 0.090625
1 0.484375 0.84375 0.03046875 0.1375
1 0.54375 0.9546875 0.06875 0.090625
1 0.640625 0.6625 0.03671875 0.06328125