1 0.31875 0.234375 0.3203125 0.46875
1 0.11875 0.2703125 0.2375 0.540625
1 0.9125 0.571875 0.0265625 0.034375
1 0.9375 0.49375 0.015625 0.03125
1 0.8375 0.509375 0.0171875 0.0203125
1 0.771875 0.5078125 0.0109375 0.0203125
1 0.4640625 0.634375 0.03125 0.0890625
1 0.46875 0.69375 0.0234375 0.0921875
1 0.4 0.9765625 0.0421875 0.046875
1 0.4375 0.7875 0.0609375 0.153125
1 0.4234375 0.6515625 0.046875 0.125
1 0.465625 0.896875 0.0296875 0.1078125
1 0.375 0.640625 0.046875 0.1015625
1 0.3078125 0.903125 0.08125 0.1765625
1 0.2640625 0.76875 0.0828125 0.1265625
1 0.2046875 0.90625 0.09375 0.1734375
1 0.2140625 0.65 0.13125 0.1234375
1 0.3203125 0.640625 0.05625 0.1015625
1 0.053125 0.7203125 0.10625 0.159375
1 0.1609375 0.8234375 0.096875 0.121875
1 0.075 0.925 0.15 0.1171875
1 0.365625 0.76875 0.0421875 0.1078125
1 0.8734375 0.79375 0.253125 0.4109375