1 0.14375 0.340625 0.053125 0.2125
1 0.084375 0.3671875 0.0421875 0.1796875
1 0.06875 0.534375 0.046875 0.159375
1 0.025 0.471875 0.0375 0.3015625
1 0.1796875 0.475 0.0359375 0.153125
1 0.29375 0.44375 0.0546875 0.175
1 0.290625 0.5453125 0.025 0.0859375
1 0.221875 0.5453125 0.0671875 0.2203125
1 0.128125 0.5984375 0.0453125 0.1625
1 0.0296875 0.6609375 0.03125 0.0859375
1 0.053125 0.0390625 0.0265625 0.078125
1 0.10625 0.084375 0.0375 0.16875
1 0.128125 0.171875 0.01875 0.06875
1 0.14375 0.1375 0.0203125 0.1109375
1 0.1875 0.053125 0.0421875 0.10625
1 0.2484375 0.025 0.01875 0.0484375
1 0.234375 0.15 0.0375 0.1078125
1 0.184375 0.1609375 0.04375 0.1
1 0.203125 0.2109375 0.0171875 0.0578125
1 0.325 0.13125 0.0625 0.2375
1 0.2921875 0.240625 0.0359375 0.1328125
1 0.28125 0.2796875 0.03125 0.1296875
1 0.33125 0.309375 0.0328125 0.1375
1 0.5625 0.1359375 0.090625 0.271875
1 0.6546875 0.196875 0.0703125 0.39375
1 0.775 0.35625 0.05625 0.209375
1 0.734375 0.1625 0.0359375 0.165625
1 0.696875 0.428125 0.059375 0.15625
1 0.8125 0.240625 0.0515625 0.2328125
1 0.809375 0.071875 0.0484375 0.14375
1 0.884375 0.2625 0.059375 0.225
1 0.98125 0.2875 0.0359375 0.159375
1 0.975 0.43125 0.05 0.1890625
1 0.94375 0.5734375 0.0703125 0.265625
1 0.759375 0.53125 0.0484375 0.203125
1 0.81875 0.5453125 0.0609375 0.321875
1 0.934375 0.74375 0.034375 0.1484375
1 0.978125 0.75 0.04375 0.225
1 0.95 0.896875 0.04375 0.165625
1 0.871875 0.825 0.0625 0.1515625
1 0.6875 0.6734375 0.0390625 0.1171875
1 0.7109375 0.775 0.0390625 0.1203125
1 0.671875 0.775 0.0359375 0.09375
1 0.609375 0.565625 0.0265625 0.15625
1 0.553125 0.434375 0.0453125 0.2765625
1 0.6109375 0.39375 0.0515625 0.184375
1 0.515625 0.440625 0.0375 0.171875
1 0.4046875 0.259375 0.04375 0.15625
1 0.69375 0.55625 0.059375 0.140625
1 0.640625 0.553125 0.046875 0.203125
1 0.371875 0.475 0.0328125 0.134375
1 0.36875 0.590625 0.0390625 0.1421875
1 0.4046875 0.503125 0.034375 0.134375
1 0.6125 0.7046875 0.028125 0.10625
1 0.6296875 0.759375 0.028125 0.09375
1 0.5921875 0.828125 0.0390625 0.1515625
1 0.634375 0.884375 0.034375 0.1453125
1 0.421875 0.828125 0.034375 0.1015625
1 0.484375 0.684375 0.0296875 0.0859375
1 0.484375 0.6 0.028125 0.1140625
1 0.565625 0.7859375 0.025 0.1140625
1 0.825 0.8125 0.0296875 0.109375
1 0.896875 0.896875 0.0203125 0.0828125
1 0.446875 0.615625 0.034375 0.1359375
1 0.2828125 0.7234375 0.021875 0.0640625
1 0.1203125 0.73125 0.028125 0.090625
1 0.3359375 0.6375 0.03125 0.1359375
1 0.45 0.303125 0.046875 0.1890625
1 0.221875 0.290625 0.0328125 0.1375
1 0.521875 0.884375 0.040625 0.1234375
1 0.8203125 0.91875 0.0203125 0.10625
1 0.778125 0.8078125 0.021875 0.075