1 0.85625 0.340625 0.053125 0.2125
1 0.915625 0.3671875 0.04296875 0.17890625
1 0.93125 0.534375 0.046875 0.159375
1 0.975 0.471875 0.0375 0.3015625
1 0.8203125 0.475 0.03515625 0.153125
1 0.70625 0.44375 0.0546875 0.175
1 0.709375 0.5453125 0.025 0.0859375
1 0.778125 0.5453125 0.06796875 0.22109375
1 0.871875 0.5984375 0.0453125 0.1625
1 0.9703125 0.6609375 0.03125 0.08515625
1 0.946875 0.0390625 0.02578125 0.078125
1 0.89375 0.084375 0.0375 0.16875
1 0.871875 0.171875 0.01875 0.06875
1 0.85625 0.1375 0.0203125 0.1109375
1 0.8125 0.053125 0.0421875 0.10625
1 0.7515625 0.025 0.01875 0.0484375
1 0.765625 0.15 0.0375 0.10703125
1 0.815625 0.1609375 0.04375 0.1
1 0.796875 0.2109375 0.01796875 0.05859375
1 0.675 0.13125 0.0625 0.2375
1 0.7078125 0.240625 0.0359375 0.1328125
1 0.71875 0.2796875 0.03125 0.1296875
1 0.66875 0.309375 0.0328125 0.1375
1 0.4375 0.1359375 0.090625 0.271875
1 0.3453125 0.196875 0.0703125 0.39375
1 0.225 0.35625 0.05625 0.209375
1 0.265625 0.1625 0.0359375 0.165625
1 0.303125 0.428125 0.059375 0.15625
1 0.1875 0.240625 0.0515625 0.2328125
1 0.190625 0.071875 0.0484375 0.14375
1 0.115625 0.2625 0.059375 0.225
1 0.01875 0.2875 0.03671875 0.159375
1 0.025 0.43125 0.05 0.18828125
1 0.05625 0.5734375 0.06953125 0.265625
1 0.240625 0.53125 0.04921875 0.203125
1 0.18125 0.5453125 0.06171875 0.321875
1 0.065625 0.74375 0.034375 0.1484375
1 0.021875 0.75 0.04375 0.225
1 0.05 0.896875 0.04375 0.165625
1 0.128125 0.825 0.0625 0.1515625
1 0.3125 0.6734375 0.0390625 0.1171875
1 0.2890625 0.775 0.03984375 0.11953125
1 0.328125 0.775 0.03671875 0.09375
1 0.390625 0.565625 0.0265625 0.15625
1 0.446875 0.434375 0.0453125 0.2765625
1 0.3890625 0.39375 0.05234375 0.184375
1 0.484375 0.440625 0.0375 0.171875
1 0.5953125 0.259375 0.04375 0.15625
1 0.30625 0.55625 0.059375 0.140625
1 0.359375 0.553125 0.046875 0.203125
1 0.628125 0.475 0.0328125 0.134375
1 0.63125 0.590625 0.03828125 0.14296875
1 0.5953125 0.503125 0.034375 0.134375
1 0.3875 0.7046875 0.028125 0.10625
1 0.3703125 0.759375 0.028125 0.09375
1 0.4078125 0.828125 0.0390625 0.1515625
1 0.365625 0.884375 0.034375 0.14453125
1 0.578125 0.828125 0.034375 0.10078125
1 0.515625 0.684375 0.03046875 0.08671875
1 0.515625 0.6 0.028125 0.1140625
1 0.434375 0.7859375 0.025 0.1140625
1 0.175 0.8125 0.0296875 0.109375
1 0.103125 0.896875 0.0203125 0.0828125
1 0.553125 0.615625 0.034375 0.1359375
1 0.7171875 0.7234375 0.021875 0.0640625
1 0.8796875 0.73125 0.028125 0.090625
1 0.6640625 0.6375 0.03125 0.13671875
1 0.55 0.303125 0.046875 0.18828125
1 0.778125 0.290625 0.03203125 0.1375
1 0.478125 0.884375 0.040625 0.12421875
1 0.1796875 0.91875 0.02109375 0.10625
1 0.221875 0.8078125 0.021875 0.075