1 0.903125 0.196875 0.1921875 0.39375
1 0.253125 0.53125 0.0171875 0.0953125
1 0.2546875 0.525 0.0125 0.0890625
1 0.25625 0.4015625 0.01171875 0.084375
1 0.253125 0.4140625 0.0140625 0.1
1 0.2171875 0.465625 0.02265625 0.06328125
1 0.209375 0.20625 0.01875 0.04375
1 0.253125 0.38125 0.01328125 0.11875
1 0.2359375 0.534375 0.05 0.09296875
1 0.253125 0.328125 0.0140625 0.0859375
1 0.25625 0.3234375 0.0109375 0.071875
1 0.2546875 0.4625 0.0125 0.09375
1 0.190625 0.425 0.01875 0.06875
1 0.2578125 0.3 0.00625 0.03125
1 0.25625 0.353125 0.01171875 0.078125
1 0.159375 0.5328125 0.02421875 0.09375
1 0.1046875 0.4625 0.075 0.2359375
1 0.04375 0.559375 0.028125 0.04296875
1 0.23125 0.4453125 0.06171875 0.26875
1 0.0296875 0.509375 0.02265625 0.09296875
1 0.05625 0.509375 0.009375 0.040625
1 0.05 0.4859375 0.01171875 0.05390625
1 0.00625 0.496875 0.009375 0.040625
1 0.178125 0.784375 0.165625 0.4109375