1 0.096875 0.196875 0.1921875 0.39375
1 0.746875 0.53125 0.0171875 0.0953125
1 0.7453125 0.525 0.0125 0.0890625
1 0.74375 0.4015625 0.0109375 0.084375
1 0.746875 0.4140625 0.0140625 0.1
1 0.7828125 0.465625 0.0234375 0.0640625
1 0.790625 0.20625 0.01875 0.04375
1 0.746875 0.38125 0.0140625 0.11875
1 0.7640625 0.534375 0.05 0.0921875
1 0.746875 0.328125 0.0140625 0.0859375
1 0.74375 0.3234375 0.0109375 0.071875
1 0.7453125 0.4625 0.0125 0.09375
1 0.809375 0.425 0.01875 0.06875
1 0.7421875 0.3 0.00625 0.03125
1 0.74375 0.353125 0.0109375 0.078125
1 0.840625 0.5328125 0.0234375 0.09375
1 0.8953125 0.4625 0.075 0.2359375
1 0.95625 0.559375 0.028125 0.0421875
1 0.76875 0.4453125 0.0609375 0.26875
1 0.9703125 0.509375 0.0234375 0.0921875
1 0.94375 0.509375 0.009375 0.040625
1 0.95 0.4859375 0.0109375 0.0546875
1 0.99375 0.496875 0.009375 0.040625
1 0.821875 0.784375 0.165625 0.4109375