1 0.5125 0.234375 0.16875 0.46875
1 0.85625 0.0421875 0.0703125 0.084375
1 0.6625 0.0625 0.0703125 0.125
1 0.4375 0.028125 0.0515625 0.05625
1 0.709375 0.0421875 0.0609375 0.084375
1 0.790625 0.04375 0.065625 0.0875
1 0.9875 0.0515625 0.025 0.103125
1 0.9 0.04375 0.0640625 0.0859375
1 0.8234375 0.046875 0.08125 0.09375
1 0.9671875 0.05 0.065625 0.0984375
1 0.93125 0.04375 0.07578125 0.08671875
1 0.321875 0.065625 0.1546875 0.13125
1 0.140625 0.0546875 0.14921875 0.109375
1 0.83125 0.640625 0.3375 0.22421875
1 0.8375 0.85 0.3234375 0.3
1 0.515625 0.8375 0.2328125 0.3234375
1 0.50625 0.6375 0.2125 0.215625
1 0.03203125 0.7625 0.0640625 0.19375