1 0.9609375 0.18125 0.059375 0.1640625
1 0.9125 0.2 0.0421875 0.146875
1 0.8625 0.19375 0.05703125 0.13125
1 0.80625 0.175 0.04375 0.13046875
1 0.9234375 0.034375 0.065625 0.06796875
1 0.859375 0.03125 0.04375 0.0609375
1 0.8125 0.025 0.04296875 0.05
1 0.6953125 0.0359375 0.053125 0.071875
1 0.621875 0.03125 0.0625 0.0625
1 0.53125 0.0234375 0.040625 0.046875
1 0.5484375 0.040625 0.040625 0.08046875
1 0.6390625 0.0375 0.053125 0.0734375
1 0.6 0.034375 0.03203125 0.06875
1 0.49375 0.040625 0.046875 0.08125
1 0.475 0.0453125 0.0109375 0.075
1 0.575 0.040625 0.05 0.08125
1 0.5265625 0.1 0.0484375 0.1171875
1 0.571875 0.1125 0.0375 0.08828125
1 0.50625 0.15625 0.03125 0.0796875
1 0.49375 0.3046875 0.03828125 0.096875
1 0.475 0.303125 0.009375 0.075
1 0.49375 0.3609375 0.034375 0.059375
1 0.7578125 0.0421875 0.0625 0.084375
1 0.6984375 0.03125 0.05 0.06171875
1 0.653125 0.05625 0.06171875 0.11171875
1 0.6765625 0.1140625 0.0390625 0.1109375
1 0.73125 0.0640625 0.0703125 0.128125
1 0.809375 0.05625 0.0625 0.1125
1 0.9125 0.021875 0.0375 0.04375
1 0.984375 0.028125 0.03125 0.05625
1 0.9734375 0.059375 0.053125 0.11875
1 0.9875 0.0375 0.02421875 0.075
1 0.971875 0.05625 0.0546875 0.1109375
1 0.984375 0.046875 0.03125 0.09375
1 0.9921875 0.025 0.015625 0.05
1 0.984375 0.05 0.0296875 0.1
1 0.984375 0.0734375 0.03046875 0.146875
1 0.975 0.053125 0.05 0.10625
1 0.925 0.0484375 0.0484375 0.096875
1 0.8859375 0.065625 0.040625 0.1296875
1 0.984375 0.0203125 0.03046875 0.040625
1 0.9890625 0.071875 0.021875 0.1421875
1 0.990625 0.13125 0.01875 0.1125
1 0.9875 0.0796875 0.0234375 0.159375
1 0.984375 0.078125 0.03125 0.1546875
1 0.9875 0.09375 0.025 0.128125
1 0.9859375 0.23125 0.028125 0.14453125
1 0.99375 0.175 0.01171875 0.05703125
1 0.990625 0.184375 0.01875 0.06796875
1 0.9890625 0.2625 0.021875 0.121875
1 0.9921875 0.2453125 0.015625 0.090625
1 0.9875 0.296875 0.0234375 0.2375
1 0.9875 0.2796875 0.025 0.2
1 0.984375 0.28125 0.03046875 0.13203125
1 0.946875 0.29375 0.03828125 0.109375
1 0.778125 0.221875 0.03125 0.09296875
1 0.753125 0.1515625 0.04375 0.08984375
1 0.7421875 0.2140625 0.028125 0.075
1 0.7171875 0.225 0.0265625 0.0984375
1 0.6953125 0.240625 0.028125 0.10625
1 0.675 0.26875 0.04375 0.103125
1 0.64375 0.209375 0.034375 0.11796875
1 0.590625 0.2203125 0.06328125 0.16484375
1 0.55 0.1890625 0.0390625 0.075
1 0.521875 0.234375 0.025 0.075
1 0.5 0.225 0.0234375 0.0609375
1 0.484375 0.175 0.028125 0.1109375
1 0.5515625 0.2875 0.028125 0.090625
1 0.53125 0.3375 0.0375 0.0890625
1 0.5734375 0.3515625 0.034375 0.08515625
1 0.615625 0.35625 0.0515625 0.15625
1 0.68125 0.34375 0.0328125 0.084375
1 0.659375 0.3875 0.03125 0.1171875
1 0.609375 0.496875 0.028125 0.13125
1 0.58125 0.48125 0.0265625 0.08125
1 0.5578125 0.5015625 0.03125 0.134375
1 0.525 0.40625 0.0234375 0.0578125
1 0.58125 0.4125 0.01953125 0.05078125
1 0.490625 0.453125 0.040625 0.10625
1 0.990625 0.3375 0.01796875 0.09921875
1 0.984375 0.40625 0.0296875 0.128125
1 0.990625 0.3890625 0.0171875 0.103125
1 0.4796875 0.540625 0.01875 0.05703125
1 0.909375 0.3625 0.0296875 0.125
1 0.859375 0.2875 0.04296875 0.078125
1 0.784375 0.3 0.03046875 0.07421875
1 0.734375 0.290625 0.028125 0.08671875
1 0.725 0.359375 0.0265625 0.065625
1 0.771875 0.346875 0.03125 0.06328125
1 0.75 0.359375 0.0234375 0.08125
1 0.803125 0.365625 0.028125 0.084375
1 0.840625 0.3609375 0.04375 0.090625
1 0.8703125 0.3890625 0.0421875 0.1265625
1 0.95625 0.4 0.04453125 0.109375
1 0.990625 0.409375 0.01875 0.1171875
1 0.990625 0.4625 0.01875 0.1109375
1 0.99375 0.4515625 0.0125 0.078125
1 0.990625 0.40625 0.01875 0.0765625
1 0.990625 0.4875 0.01796875 0.08671875
1 0.984375 0.503125 0.025 0.078125
1 0.896875 0.5 0.034375 0.0828125
1 0.765625 0.4453125 0.034375 0.10625
1 0.8421875 0.46875 0.03125 0.090625
1 0.8109375 0.5 0.03125 0.075
1 0.84375 0.54375 0.03125 0.05078125
1 0.73125 0.490625 0.0390625 0.115625
1 0.7 0.415625 0.0296875 0.059375
1 0.6328125 0.5171875 0.01875 0.040625
1 0.6625 0.5078125 0.0265625 0.075
1 0.684375 0.465625 0.0234375 0.05
1 0.709375 0.503125 0.01875 0.046875
1 0.596875 0.5578125 0.01953125 0.021875
1 0.575 0.553125 0.02421875 0.03203125
1 0.515625 0.534375 0.04296875 0.06796875
1 0.990625 0.528125 0.0171875 0.0796875
1 0.99375 0.45625 0.0125 0.07421875
1 0.734375 0.553125 0.021875 0.0296875
1 0.7796875 0.55 0.028125 0.0375
1 0.084375 0.11875 0.16796875 0.23671875
1 0.434375 0.078125 0.0703125 0.13125
1 0.4375 0.075 0.065625 0.15
1 0.33125 0.075 0.1875 0.14921875
1 0.175 0.084375 0.1640625 0.121875
1 0.546875 0.934375 0.1515625 0.13125
1 0.328125 0.784375 0.28671875 0.43125
1 0.0609375 0.8546875 0.121875 0.290625
1 0.375 0.75625 0.190625 0.375
1 0.1515625 0.8390625 0.1703125 0.2390625