1 0.0109375 0.05625 0.021875 0.1109375
1 0.01875 0.096875 0.0359375 0.1921875
1 0.009375 0.046875 0.0171875 0.0921875
1 0.01875 0.078125 0.0375 0.15625
1 0.140625 0.0828125 0.08203125 0.165625
1 0.059375 0.08125 0.06796875 0.1625
1 0.3390625 0.09375 0.084375 0.1875
1 0.25625 0.0921875 0.084375 0.184375
1 0.490625 0.21875 0.0828125 0.4375
1 0.465625 0.315625 0.0328125 0.2453125
1 0.4875 0.21875 0.075 0.4375
1 0.6609375 0.21875 0.15625 0.4375
1 0.903125 0.21875 0.19296875 0.4375
1 0.815625 0.378125 0.08125 0.11953125
1 0.890625 0.25625 0.15078125 0.365625
1 0.271875 0.71875 0.31953125 0.56171875
1 0.725 0.71875 0.55 0.56171875