1 0.865625 0.2375 0.1203125 0.0625
1 0.86875 0.134375 0.2625 0.26875
1 0.065625 0.0796875 0.1296875 0.159375
1 0.6359375 0.634375 0.309375 0.73125
1 0.04375 0.328125 0.0875 0.11796875
1 0.3328125 0.371875 0.184375 0.20625
1 0.440625 0.471875 0.08203125 0.29921875
1 0.19375 0.5296875 0.18671875 0.36015625
1 0.0375 0.828125 0.06796875 0.09921875
1 0.090625 0.7046875 0.0921875 0.115625
1 0.240625 0.728125 0.071875 0.109375
1 0.175 0.753125 0.05546875 0.09453125
1 0.103125 0.8078125 0.059375 0.1
1 0.2921875 0.8625 0.04765625 0.0875
1 0.209375 0.875 0.0359375 0.078125
1 0.3109375 0.921875 0.040625 0.0828125
1 0.36875 0.784375 0.090625 0.1515625
1 0.4125 0.6609375 0.1390625 0.290625
1 0.4625 0.690625 0.0390625 0.1453125
1 0.45625 0.74375 0.0484375 0.1828125
1 0.459375 0.80625 0.04296875 0.13671875
1 0.46875 0.853125 0.025 0.09375
1 0.46875 0.828125 0.025 0.09921875
1 0.471875 0.86875 0.01953125 0.09453125
1 0.471875 0.915625 0.01953125 0.06328125
1 0.471875 0.9625 0.01796875 0.06171875
1 0.471875 0.978125 0.01796875 0.04296875
1 0.471875 0.94375 0.0203125 0.06875
1 0.421875 0.9875 0.040625 0.02421875
1 0.359375 0.903125 0.0375 0.0703125