1 0.0390625 0.18125 0.059375 0.1640625
1 0.0875 0.2 0.0421875 0.146875
1 0.1375 0.19375 0.0578125 0.13125
1 0.19375 0.175 0.04375 0.1296875
1 0.0765625 0.034375 0.065625 0.0671875
1 0.140625 0.03125 0.04375 0.0609375
1 0.1875 0.025 0.0421875 0.05
1 0.3046875 0.0359375 0.053125 0.071875
1 0.378125 0.03125 0.0625 0.0625
1 0.46875 0.0234375 0.040625 0.046875
1 0.4515625 0.040625 0.040625 0.0796875
1 0.3609375 0.0375 0.053125 0.0734375
1 0.4 0.034375 0.0328125 0.06875
1 0.50625 0.040625 0.046875 0.08125
1 0.525 0.0453125 0.0109375 0.075
1 0.425 0.040625 0.05 0.08125
1 0.4734375 0.1 0.0484375 0.1171875
1 0.428125 0.1125 0.0375 0.0890625
1 0.49375 0.15625 0.03125 0.0796875
1 0.50625 0.3046875 0.0390625 0.096875
1 0.525 0.303125 0.009375 0.075
1 0.50625 0.3609375 0.034375 0.059375
1 0.2421875 0.0421875 0.0625 0.084375
1 0.3015625 0.03125 0.05 0.0609375
1 0.346875 0.05625 0.0609375 0.1109375
1 0.3234375 0.1140625 0.0390625 0.1109375
1 0.26875 0.0640625 0.0703125 0.128125
1 0.190625 0.05625 0.0625 0.1125
1 0.0875 0.021875 0.0375 0.04375
1 0.015625 0.028125 0.03125 0.05625
1 0.0265625 0.059375 0.053125 0.11875
1 0.0125 0.0375 0.0234375 0.075
1 0.028125 0.05625 0.0546875 0.1109375
1 0.015625 0.046875 0.03125 0.09375
1 0.0078125 0.025 0.015625 0.05
1 0.015625 0.05 0.0296875 0.1
1 0.015625 0.0734375 0.0296875 0.146875
1 0.025 0.053125 0.05 0.10625
1 0.075 0.0484375 0.0484375 0.096875
1 0.1140625 0.065625 0.040625 0.1296875
1 0.015625 0.0203125 0.0296875 0.040625
1 0.0109375 0.071875 0.021875 0.1421875
1 0.009375 0.13125 0.01875 0.1125
1 0.0125 0.0796875 0.0234375 0.159375
1 0.015625 0.078125 0.03125 0.1546875
1 0.0125 0.09375 0.025 0.128125
1 0.0140625 0.23125 0.028125 0.1453125
1 0.00625 0.175 0.0109375 0.0578125
1 0.009375 0.184375 0.01875 0.0671875
1 0.0109375 0.2625 0.021875 0.121875
1 0.0078125 0.2453125 0.015625 0.090625
1 0.0125 0.296875 0.0234375 0.2375
1 0.0125 0.2796875 0.025 0.2
1 0.015625 0.28125 0.0296875 0.1328125
1 0.053125 0.29375 0.0390625 0.109375
1 0.221875 0.221875 0.03125 0.0921875
1 0.246875 0.1515625 0.04375 0.0890625
1 0.2578125 0.2140625 0.028125 0.075
1 0.2828125 0.225 0.0265625 0.0984375
1 0.3046875 0.240625 0.028125 0.10625
1 0.325 0.26875 0.04375 0.103125
1 0.35625 0.209375 0.034375 0.1171875
1 0.409375 0.2203125 0.0640625 0.1640625
1 0.45 0.1890625 0.0390625 0.075
1 0.478125 0.234375 0.025 0.075
1 0.5 0.225 0.0234375 0.0609375
1 0.515625 0.175 0.028125 0.1109375
1 0.4484375 0.2875 0.028125 0.090625
1 0.46875 0.3375 0.0375 0.0890625
1 0.4265625 0.3515625 0.034375 0.0859375
1 0.384375 0.35625 0.0515625 0.15625
1 0.31875 0.34375 0.0328125 0.084375
1 0.340625 0.3875 0.03125 0.1171875
1 0.390625 0.496875 0.028125 0.13125
1 0.41875 0.48125 0.0265625 0.08125
1 0.4421875 0.5015625 0.03125 0.134375
1 0.475 0.40625 0.0234375 0.0578125
1 0.41875 0.4125 0.0203125 0.0515625
1 0.509375 0.453125 0.040625 0.10625
1 0.009375 0.3375 0.0171875 0.0984375
1 0.015625 0.40625 0.0296875 0.128125
1 0.009375 0.3890625 0.0171875 0.103125
1 0.5203125 0.540625 0.01875 0.0578125
1 0.090625 0.3625 0.0296875 0.125
1 0.140625 0.2875 0.0421875 0.078125
1 0.215625 0.3 0.0296875 0.0734375
1 0.265625 0.290625 0.028125 0.0859375
1 0.275 0.359375 0.0265625 0.065625
1 0.228125 0.346875 0.03125 0.0640625
1 0.25 0.359375 0.0234375 0.08125
1 0.196875 0.365625 0.028125 0.084375
1 0.159375 0.3609375 0.04375 0.090625
1 0.1296875 0.3890625 0.0421875 0.1265625
1 0.04375 0.4 0.0453125 0.109375
1 0.009375 0.409375 0.01875 0.1171875
1 0.009375 0.4625 0.01875 0.1109375
1 0.00625 0.4515625 0.0125 0.078125
1 0.009375 0.40625 0.01875 0.0765625
1 0.009375 0.4875 0.0171875 0.0859375
1 0.015625 0.503125 0.025 0.078125
1 0.103125 0.5 0.034375 0.0828125
1 0.234375 0.4453125 0.034375 0.10625
1 0.1578125 0.46875 0.03125 0.090625
1 0.1890625 0.5 0.03125 0.075
1 0.15625 0.54375 0.03125 0.0515625
1 0.26875 0.490625 0.0390625 0.115625
1 0.3 0.415625 0.0296875 0.059375
1 0.3671875 0.5171875 0.01875 0.040625
1 0.3375 0.5078125 0.0265625 0.075
1 0.315625 0.465625 0.0234375 0.05
1 0.290625 0.503125 0.01875 0.046875
1 0.403125 0.5578125 0.0203125 0.021875
1 0.425 0.553125 0.0234375 0.0328125
1 0.484375 0.534375 0.0421875 0.0671875
1 0.009375 0.528125 0.0171875 0.0796875
1 0.00625 0.45625 0.0125 0.0734375
1 0.265625 0.553125 0.021875 0.0296875
1 0.2203125 0.55 0.028125 0.0375
1 0.915625 0.11875 0.1671875 0.2359375
1 0.565625 0.078125 0.0703125 0.13125
1 0.5625 0.075 0.065625 0.15
1 0.66875 0.075 0.1875 0.1484375
1 0.825 0.084375 0.1640625 0.121875
1 0.453125 0.934375 0.1515625 0.13125
1 0.671875 0.784375 0.2859375 0.43125
1 0.9390625 0.8546875 0.121875 0.290625
1 0.625 0.75625 0.190625 0.375
1 0.8484375 0.8390625 0.1703125 0.2390625