1 0.3515625 0.609375 0.040625 0.05703125
1 0.434375 0.578125 0.05 0.11953125
1 0.484375 0.528125 0.028125 0.1296875
1 0.353125 0.4890625 0.03828125 0.17109375
1 0.3828125 0.4796875 0.03125 0.13359375
1 0.4359375 0.440625 0.03125 0.134375
1 0.50625 0.475 0.025 0.15625
1 0.4515625 0.378125 0.02890625 0.11171875
1 0.234375 0.59375 0.040625 0.0921875
1 0.1 0.6109375 0.0328125 0.05625
1 0.05 0.578125 0.03125 0.121875
1 0.2265625 0.303125 0.0234375 0.15
1 0.275 0.3796875 0.0265625 0.1015625
1 0.08125 0.475 0.040625 0.1375
1 0.015625 0.5046875 0.0296875 0.184375
1 0.09375 0.284375 0.0171875 0.125
1 0.1359375 0.54375 0.025 0.19296875
1 0.275 0.490625 0.04375 0.153125
1 0.296875 0.5671875 0.03671875 0.14375
1 0.4046875 0.178125 0.01875 0.115625
1 0.3125 0.2328125 0.03828125 0.12734375
1 0.85625 0.26875 0.28671875 0.5375
1 0.15 0.753125 0.3 0.228125
1 0.83671875 0.81796875 0.3265625 0.3609375