1 0.50625 0.3375 0.20546875 0.30078125
1 0.340625 0.453125 0.06171875 0.07421875
1 0.2515625 0.4703125 0.08125 0.0375
1 0.18125 0.4625 0.05078125 0.05546875
1 0.10625 0.453125 0.0796875 0.071875
1 0.8046875 0.24375 0.390625 0.4875
1 0.49375 0.796875 0.13671875 0.40625
1 0.440625 0.828125 0.06328125 0.31328125
1 0.3609375 0.81796875 0.121875 0.3640625
1 0.25 0.859375 0.0953125 0.2796875
1 0.0140625 0.771875 0.028125 0.3046875
1 0.025 0.80625 0.05 0.3546875
1 0.1171875 0.7578125 0.1625 0.484375
1 0.6640625 0.846875 0.109375 0.13203125