1 0.0875 0.575 0.1671875 0.8421875
1 0.04375 0.284375 0.0421875 0.2
1 0.109375 0.28125 0.0421875 0.2171875
1 0.20625 0.465625 0.065625 0.6109375
1 0.2890625 0.5625 0.1515625 0.828125
1 0.309375 0.425 0.034375 0.55
1 0.36875 0.3328125 0.0546875 0.3578125
1 0.39375 0.3421875 0.0296875 0.3875
1 0.453125 0.3828125 0.084375 0.45625
1 0.5515625 0.559375 0.15625 0.88125
1 0.8484375 0.5609375 0.3 0.878125
1 0.70625 0.40625 0.08125 0.4765625
1 0.653125 0.38125 0.0578125 0.4078125
1 0.7828125 0.509375 0.1515625 0.7609375
1 0.971875 0.33125 0.0546875 0.2671875