1 0.040625 0.3046875 0.08125 0.609375
1 0.015625 0.40625 0.03125 0.4046875
1 0.0375 0.3046875 0.075 0.609375
1 0.0125 0.4421875 0.025 0.334375
1 0.06875 0.5359375 0.0546875 0.146875
1 0.09375 0.525 0.0296875 0.1703125
1 0.153125 0.4875 0.084375 0.2453125
1 0.2515625 0.3046875 0.15625 0.609375
1 0.5 0.3046875 0.2015625 0.609375
1 0.40625 0.46875 0.08125 0.2796875
1 0.353125 0.5 0.0578125 0.2203125
1 0.48125 0.346875 0.1515625 0.525
1 0.7203125 0.409375 0.240625 0.4
1 0.1625 0.8046875 0.325 0.390625
1 0.6890625 0.796875 0.178125 0.375
1 0.9 0.8046875 0.1984375 0.390625