1 0.959375 0.3046875 0.08125 0.609375
1 0.984375 0.40625 0.03125 0.4046875
1 0.9625 0.3046875 0.075 0.609375
1 0.9875 0.4421875 0.025 0.334375
1 0.93125 0.5359375 0.05546875 0.146875
1 0.90625 0.525 0.03046875 0.16953125
1 0.846875 0.4875 0.084375 0.24453125
1 0.7484375 0.3046875 0.15625 0.609375
1 0.5 0.3046875 0.20078125 0.609375
1 0.59375 0.46875 0.08125 0.2796875
1 0.646875 0.5 0.0578125 0.2203125
1 0.51875 0.346875 0.15078125 0.525
1 0.2796875 0.409375 0.240625 0.4
1 0.8375 0.8046875 0.325 0.390625
1 0.3109375 0.796875 0.178125 0.375
1 0.1 0.8046875 0.19921875 0.390625