1 0.7375 0.190625 0.025 0.2171875
1 0.65 0.275 0.065625 0.4109375
1 0.565625 0.26875 0.1515625 0.4234375
1 0.5453125 0.26875 0.034375 0.4203125
1 0.4875 0.2421875 0.05625 0.3578125
1 0.4625 0.2515625 0.0296875 0.3875
1 0.403125 0.271875 0.0828125 0.415625
1 0.3046875 0.253125 0.15625 0.4515625
1 0.078125 0.25625 0.15625 0.4484375
1 0.1484375 0.278125 0.08125 0.403125
1 0.2015625 0.2828125 0.05625 0.39375
1 0.075 0.259375 0.1484375 0.4421875
1 0.0125 0.240625 0.025 0.2671875
1 0.653125 0.70625 0.1921875 0.4546875
1 0.315625 0.7078125 0.475 0.45625