1 0.040625 0.209375 0.08125 0.41875
1 0.009375 0.05 0.01875 0.1
1 0.009375 0.053125 0.01875 0.10625
1 0.015625 0.153125 0.03125 0.3046875
1 0.0375 0.209375 0.075 0.41875
1 0.009375 0.1375 0.0171875 0.275
1 0.0125 0.0890625 0.025 0.178125
1 0.009375 0.096875 0.01875 0.19375
1 0.0625 0.1140625 0.084375 0.228125
1 0.1609375 0.209375 0.15625 0.41875
1 0.3484375 0.209375 0.08125 0.41875
1 0.315625 0.11875 0.08125 0.2375
1 0.2625 0.1015625 0.0578125 0.203125
1 0.353125 0.2046875 0.0734375 0.409375
1 0.64375 0.209375 0.509375 0.41875
1 0.4625 0.209375 0.146875 0.41875
1 0.871875 0.209375 0.2546875 0.41875
1 0.19375 0.87109375 0.3875 0.2578125
1 0.66875 0.709375 0.4 0.58125
1 0.409375 0.5078125 0.040625 0.140625