1 0.9125 0.575 0.16796875 0.84296875
1 0.95625 0.284375 0.0421875 0.2
1 0.890625 0.28125 0.04296875 0.21796875
1 0.79375 0.465625 0.065625 0.61171875
1 0.7109375 0.5625 0.1515625 0.828125
1 0.690625 0.425 0.034375 0.55
1 0.63125 0.3328125 0.05546875 0.35859375
1 0.60625 0.3421875 0.0296875 0.3875
1 0.546875 0.3828125 0.084375 0.45625
1 0.4484375 0.559375 0.15625 0.88125
1 0.1515625 0.5609375 0.3 0.878125
1 0.29375 0.40625 0.08125 0.4765625
1 0.346875 0.38125 0.05703125 0.40703125
1 0.2171875 0.509375 0.15234375 0.76171875
1 0.028125 0.33125 0.0546875 0.2671875