1 0.6890625 0.2125 0.578125 0.425
1 0.2703125 0.36875 0.059375 0.16328125
1 0.221875 0.3875 0.04296875 0.146875
1 0.171875 0.38125 0.05703125 0.13125
1 0.115625 0.3625 0.04375 0.13046875
1 0.2328125 0.034375 0.065625 0.06796875
1 0.16875 0.03125 0.04375 0.06171875
1 0.121875 0.025 0.0421875 0.05
1 0.015625 0.0359375 0.03125 0.071875
1 0.0671875 0.059375 0.0625 0.11875
1 0.01640625 0.07109375 0.0328125 0.1234375
1 0.040625 0.2359375 0.06953125 0.159375
1 0.11875 0.1875 0.0625 0.2265625
1 0.221875 0.046875 0.0375 0.090625
1 0.384375 0.028125 0.0328125 0.05625
1 0.3734375 0.0875 0.053125 0.175
1 0.3875 0.06875 0.0234375 0.1375
1 0.2875 0.103125 0.065625 0.20625
1 0.3625 0.0859375 0.06796875 0.171875
1 0.3609375 0.025 0.03125 0.05
1 0.384375 0.2140625 0.03046875 0.15
1 0.340625 0.2484375 0.059375 0.17265625
1 0.2859375 0.225 0.0546875 0.140625
1 0.2328125 0.190625 0.0484375 0.1890625
1 0.19375 0.2125 0.040625 0.209375
1 0.384375 0.0203125 0.03046875 0.040625
1 0.3890625 0.2375 0.021875 0.18671875
1 0.375 0.31875 0.03828125 0.1125
1 0.3875 0.259375 0.0234375 0.1734375
1 0.384375 0.265625 0.03125 0.15546875
1 0.3875 0.28125 0.025 0.128125
1 0.3859375 0.4125 0.028125 0.134375
1 0.39375 0.3625 0.0109375 0.0578125
1 0.390625 0.371875 0.01875 0.06796875
1 0.3890625 0.434375 0.021875 0.090625
1 0.3921875 0.4328125 0.015625 0.090625
1 0.359375 0.421875 0.0484375 0.1140625
1 0.3875 0.4234375 0.025 0.1125
1 0.3 0.440625 0.0421875 0.0765625
1 0.25625 0.453125 0.0390625 0.0546875
1 0.0875 0.409375 0.03125 0.0921875
1 0.0625 0.3390625 0.04375 0.0890625
1 0.0515625 0.4015625 0.028125 0.075
1 0.0265625 0.4125 0.0265625 0.0984375
1 0.009375 0.428125 0.01875 0.10546875
1 0.16875 0.4578125 0.04296875 0.04375
1 0.09375 0.465625 0.0296875 0.028125
1 0.0453125 0.45625 0.028125 0.04453125
1 0.9234375 0.73984375 0.153125 0.5203125
1 0.82265625 0.73984375 0.3109375 0.5203125
1 0.52265625 0.73984375 0.2453125 0.5203125
1 0.33125 0.5609375 0.13671875 0.1625
1 0.06875 0.559375 0.1375 0.1578125
1 0.278125 0.553125 0.11328125 0.146875
1 0.184375 0.696875 0.125 0.140625