1 0.446875 0.415625 0.40625 0.83046875
1 0.825 0.3984375 0.35 0.796875
1 0.359375 0.884375 0.1 0.11171875
1 0.190625 0.878125 0.1078125 0.0953125
1 0.1578125 0.95546875 0.040625 0.0890625
1 0.178125 0.878125 0.08125 0.0984375
1 0.071875 0.875 0.14375 0.090625
1 0.62109375 0.91484375 0.0578125 0.1703125
1 0.196875 0.8875 0.11328125 0.11328125
1 0.4125 0.890625 0.10625 0.1234375
1 0.3578125 0.8671875 0.071875 0.075
1 0.30625 0.9234375 0.0625 0.09375
1 0.825 0.91484375 0.35 0.1703125
1 0.675 0.8640625 0.05 0.06875