1 0.365625 0.19375 0.7296875 0.3875
1 0.740625 0.271875 0.0203125 0.1515625
1 0.978125 0.20625 0.03125 0.096875
1 0.80625 0.084375 0.0359375 0.115625
1 0.98671875 0.30859375 0.0265625 0.1390625
1 0.7375 0.2859375 0.015625 0.134375
1 0.809375 0.021875 0.0265625 0.04375
1 0.734375 0.20625 0.0109375 0.084375
1 0.7375 0.365625 0.0140625 0.0484375
1 0.903125 0.06875 0.0328125 0.1375
1 0.7703125 0.015625 0.03125 0.0296875
1 0.7390625 0.0875 0.01875 0.1046875
1 0.853125 0.10625 0.040625 0.1640625
1 0.934375 0.24375 0.0390625 0.1296875
1 0.7375 0.259375 0.015625 0.1484375
1 0.78125 0.35 0.034375 0.078125
1 0.734375 0.33125 0.0109375 0.109375
1 0.771875 0.2390625 0.03125 0.11875
1 0.7421875 0.040625 0.025 0.08125
1 0.9375 0.078125 0.0359375 0.146875
1 0.7375 0.021875 0.0140625 0.04375
1 0.8015625 0.209375 0.0359375 0.13125
1 0.7375 0.1015625 0.0171875 0.14375
1 0.771875 0.1 0.0265625 0.1046875
1 0.98125 0.0375 0.0375 0.075
1 0.946875 0.346875 0.05625 0.084375
1 0.859375 0.353125 0.0328125 0.0703125
1 0.89375 0.309375 0.046875 0.159375
1 0.828125 0.3140625 0.0359375 0.15
1 0.8828125 0.178125 0.025 0.090625
1 0.90625 0.153125 0.028125 0.1328125
1 0.740625 0.30625 0.021875 0.1671875
1 0.7375 0.3 0.0171875 0.1765625
1 0.7375 0.315625 0.0140625 0.140625
1 0.7375 0.165625 0.0171875 0.1359375
1 0.7359375 0.14375 0.0125 0.153125
1 0.734375 0.0546875 0.0109375 0.09375
1 0.734375 0.115625 0.0109375 0.1109375
1 0.2359375 0.609375 0.19375 0.4046875
1 0.834375 0.69375 0.209375 0.6109375
1 0.9 0.69375 0.2 0.6109375
1 0.7515625 0.725 0.04375 0.2078125
1 0.7609375 0.8921875 0.0625 0.215625