1 0.4703125 0.2125 0.359375 0.425
1 0.878125 0.225 0.0734375 0.45
1 0.778125 0.225 0.1 0.4484375
1 0.96875 0.228125 0.0609375 0.45625
1 0.68125 0.221875 0.0609375 0.44375
1 0.665625 0.225 0.03125 0.45
1 0.478125 0.5625 0.16875 0.2078125
1 0.29375 0.5671875 0.1390625 0.215625
1 0.115625 0.56875 0.146875 0.2203125
1 0.025 0.56875 0.05 0.2171875
1 0.47421875 0.85234375 0.1671875 0.2953125
1 0.284375 0.84921875 0.125 0.3015625
1 0.11484375 0.84609375 0.1546875 0.3078125
1 0.028125 0.84609375 0.05625 0.3078125
1 0.825 0.7296875 0.35 0.540625