1 0.2578125 0.06875 0.053125 0.1375
1 0.259375 0.1828125 0.034375 0.0921875
1 0.29375 0.2390625 0.06171875 0.08125
1 0.309375 0.13125 0.046875 0.14296875
1 0.1625 0.0625 0.0375 0.103125
1 0.209375 0.171875 0.0453125 0.125
1 0.2 0.084375 0.03671875 0.09296875
1 0.209375 0.025 0.034375 0.0484375
1 0.06875 0.059375 0.0515625 0.1171875
1 0.115625 0.14375 0.046875 0.09296875
1 0.3578125 0.1109375 0.046875 0.13515625
1 0.1140625 0.01875 0.040625 0.03671875
1 0.134375 0.0375 0.02578125 0.075
1 0.46875 0.2359375 0.0828125 0.0875
1 0.0265625 0.2140625 0.053125 0.13125
1 0.1375 0.23125 0.07578125 0.09453125
1 0.51875 0.1 0.1328125 0.2
1 0.4125 0.1 0.0578125 0.1578125
1 0.571875 0.265625 0.09453125 0.03046875
1 0.01875 0.096875 0.0375 0.09375
1 0.01875 0.190625 0.0375 0.084375
1 0.36875 0.240625 0.04296875 0.078125
1 0.809375 0.140625 0.38125 0.2796875
1 0.5796875 0.675 0.078125 0.37578125
1 0.809375 0.678125 0.38125 0.64375