1 0.35625 0.309375 0.24921875 0.146875
1 0.140625 0.278125 0.28125 0.321875
1 0.5125 0.0375 0.04296875 0.075
1 0.98671875 0.02421875 0.0265625 0.0484375
1 0.815625 0.028125 0.0359375 0.05625
1 0.553125 0.128125 0.040625 0.11875
1 0.9921875 0.0375 0.015625 0.07421875
1 0.5546875 0.034375 0.03125 0.06796875
1 0.7921875 0.159375 0.0296875 0.0953125
1 0.821875 0.021875 0.02578125 0.04375
1 0.546875 0.2625 0.0484375 0.153125
1 0.490625 0.021875 0.01953125 0.04296875
1 0.509375 0.090625 0.028125 0.1125
1 0.834375 0.1625 0.01953125 0.05703125
1 0.915625 0.0359375 0.0328125 0.071875
1 0.78125 0.015625 0.03125 0.03046875
1 0.746875 0.025 0.0234375 0.05
1 0.8640625 0.040625 0.040625 0.08125
1 0.946875 0.03125 0.03828125 0.0625
1 0.490625 0.165625 0.0234375 0.1828125
1 0.60625 0.0375 0.03203125 0.07421875
1 0.79375 0.0765625 0.034375 0.14375
1 0.484375 0.040625 0.01171875 0.08046875
1 0.7828125 0.0296875 0.03125 0.059375
1 0.703125 0.034375 0.0515625 0.06875
1 0.95 0.0375 0.03671875 0.07421875
1 0.61875 0.021875 0.0296875 0.04375
1 0.8125 0.0328125 0.0359375 0.065625
1 0.621875 0.0359375 0.034375 0.071875
1 0.784375 0.025 0.02578125 0.05
1 0.98671875 0.0328125 0.0265625 0.065625
1 0.9765625 0.41875 0.046875 0.1625
1 0.778125 0.4484375 0.0515625 0.103125
1 0.6953125 0.115625 0.03515625 0.115625
1 0.63125 0.275 0.06171875 0.196875
1 0.7046875 0.465625 0.03125 0.06875
1 0.63125 0.428125 0.040625 0.14375
1 0.85625 0.290625 0.0671875 0.26875
1 0.90625 0.30625 0.053125 0.359375
1 0.95 0.3484375 0.0375 0.190625
1 0.99375 0.1875 0.0109375 0.234375
1 0.9578125 0.1234375 0.05625 0.246875
1 0.871875 0.08125 0.0328125 0.1375
1 0.9046875 0.065625 0.046875 0.13125
1 0.840625 0.071875 0.0359375 0.14375
1 0.89375 0.021875 0.025 0.04375
1 0.9171875 0.0328125 0.028125 0.065625
1 0.6359375 0.0515625 0.04375 0.103125
1 0.678125 0.046875 0.034375 0.09375
1 0.7078125 0.040625 0.028125 0.08046875
1 0.584375 0.034375 0.0359375 0.0671875
1 0.546875 0.0375 0.02578125 0.075
1 0.5546875 0.0234375 0.021875 0.046875
1 0.515625 0.028125 0.02421875 0.05546875
1 0.2546875 0.6625 0.309375 0.32421875
1 0.853125 0.625 0.265625 0.25