1 0.2828125 0.275 0.175 0.21171875
1 0.084375 0.26875 0.1515625 0.2203125
1 0.0578125 0.265625 0.115625 0.228125
1 0.0375 0.115625 0.075 0.23125
1 0.090625 0.1125 0.1140625 0.2234375
1 0.0328125 0.1125 0.065625 0.22421875
1 0.034375 0.26875 0.06875 0.221875
1 0.48125 0.10625 0.125 0.2125
1 0.2921875 0.109375 0.20625 0.2171875
1 0.4828125 0.278125 0.13125 0.203125
1 0.865625 0.171875 0.2671875 0.3421875
1 0.6375 0.1484375 0.175 0.296875
1 0.759375 0.1375 0.1109375 0.275
1 0.65 0.115625 0.14375 0.23125
1 0.571875 0.103125 0.04375 0.20625
1 0.0203125 0.5890625 0.040625 0.41875
1 0.14375 0.578125 0.08125 0.396875
1 0.23125 0.5875 0.0734375 0.4171875
1 0.046875 0.5796875 0.09375 0.4
1 0.5390625 0.5859375 0.021875 0.4125
1 0.321875 0.59375 0.0875 0.428125
1 0.384375 0.575 0.08203125 0.39296875
1 0.459375 0.575 0.09375 0.39296875
1 0.034375 0.565625 0.06796875 0.371875
1 0.671875 0.8375 0.2453125 0.3234375
1 0.5875 0.646875 0.034375 0.06171875