1 0.3296875 0.290625 0.659375 0.3171875
1 0.74375 0.121875 0.1703125 0.24375
1 0.9328125 0.1125 0.134375 0.225
1 0.696875 0.046875 0.07578125 0.09375
1 0.696875 0.05 0.07421875 0.09921875
1 0.4390625 0.4859375 0.05625 0.071875
1 0.0140625 0.821875 0.028125 0.1
1 0.5953125 0.859375 0.0625 0.08125
1 0.15 0.971875 0.0578125 0.05625
1 0.009375 0.79375 0.01875 0.0875
1 0.115625 0.8140625 0.03828125 0.078125
1 0.16875 0.659375 0.0546875 0.0703125
1 0.0203125 0.84375 0.040625 0.11875
1 0.334375 0.759375 0.05 0.09921875
1 0.04375 0.759375 0.04375 0.071875
1 0.4 0.665625 0.053125 0.11875
1 0.1109375 0.6453125 0.059375 0.0890625
1 0.615625 0.484375 0.03125 0.06875
1 0.0125 0.9359375 0.0234375 0.065625
1 0.24375 0.6640625 0.04296875 0.09140625
1 0.61875 0.6 0.04921875 0.08046875
1 0.534375 0.6578125 0.0515625 0.1046875
1 0.2625 0.596875 0.0390625 0.078125
1 0.21875 0.975 0.05546875 0.05
1 0.0859375 0.7765625 0.03515625 0.0625
1 0.059375 0.8265625 0.0375 0.071875
1 0.059375 0.9875 0.034375 0.025
1 0.540625 0.7578125 0.0515625 0.1078125
1 0.303125 0.675 0.04921875 0.08671875
1 0.021875 0.946875 0.04375 0.10625
1 0.2046875 0.728125 0.053125 0.078125
1 0.0140625 0.9265625 0.028125 0.1
1 0.0109375 0.7953125 0.021875 0.11875
1 0.646875 0.53125 0.025 0.0984375
1 0.46875 0.653125 0.05078125 0.08203125
1 0.175 0.909375 0.0453125 0.1265625
1 0.321875 0.6125 0.04296875 0.06171875
1 0.009375 0.7671875 0.01875 0.08125
1 0.009375 0.734375 0.01875 0.09375
1 0.4359375 0.88125 0.03984375 0.08046875
1 0.640625 0.7328125 0.0359375 0.09375
1 0.396875 0.5375 0.046875 0.0609375
1 0.49375 0.58125 0.0578125 0.075
1 0.28125 0.7953125 0.053125 0.1171875
1 0.58125 0.7453125 0.046875 0.121875
1 0.3671875 0.596875 0.040625 0.065625
1 0.1625 0.590625 0.04453125 0.075
1 0.015625 0.934375 0.03125 0.125
1 0.034375 0.5921875 0.05 0.08515625
1 0.371875 0.9125 0.0859375 0.121875
1 0.2875 0.878125 0.03125 0.059375
1 0.275 0.984375 0.0390625 0.03125
1 0.4296875 0.59375 0.0421875 0.0875
1 0.078125 0.546875 0.0359375 0.0625
1 0.00625 0.58125 0.0125 0.05703125
1 0.1125 0.93125 0.0515625 0.0953125
1 0.6453125 0.8234375 0.028125 0.1
1 0.45 0.73125 0.04375 0.08671875
1 0.1125 0.73125 0.03203125 0.071875
1 0.0140625 0.83125 0.028125 0.0671875
1 0.43125 0.775 0.046875 0.08671875
1 0.31875 0.9609375 0.05078125 0.078125
1 0.2125 0.5890625 0.03671875 0.0625
1 0.109375 0.5859375 0.034375 0.04609375
1 0.646875 0.4640625 0.02578125 0.028125
1 0.0625 0.946875 0.03203125 0.08671875
1 0.609375 0.690625 0.04375 0.0875
1 0.0296875 0.91875 0.0453125 0.0828125
1 0.559375 0.4859375 0.0453125 0.071875
1 0.4375 0.9875 0.0640625 0.0234375
1 0.2671875 0.496875 0.046875 0.09375
1 0.2875 0.546875 0.0375 0.0578125
1 0.0625 0.65625 0.03125 0.065625
1 0.009375 0.8703125 0.01875 0.075
1 0.353125 0.9890625 0.0453125 0.021875
1 0.4578125 0.953125 0.046875 0.071875
1 0.2625 0.734375 0.03046875 0.059375
1 0.55625 0.590625 0.0515625 0.06875
1 0.228125 0.8953125 0.05078125 0.103125
1 0.29375 0.759375 0.040625 0.0828125
1 0.503125 0.93125 0.046875 0.09921875
1 0.5328125 0.85 0.0375 0.06171875
1 0.4 0.840625 0.04375 0.08046875
1 0.6390625 0.6171875 0.040625 0.08125
1 0.49375 0.490625 0.046875 0.08046875
1 0.0109375 0.775 0.021875 0.08046875
1 0.15625 0.8 0.03671875 0.06796875
1 0.0171875 0.6265625 0.034375 0.109375
1 0.1453125 0.715625 0.040625 0.05625
1 0.040625 0.690625 0.05546875 0.08828125
1 0.0078125 0.6859375 0.015625 0.078125
1 0.009375 0.49375 0.01875 0.0890625
1 0.009375 0.653125 0.01796875 0.125
1 0.48125 0.7875 0.0390625 0.090625
1 0.009375 0.5671875 0.01875 0.06875
1 0.134375 0.771875 0.025 0.0515625
1 0.009375 0.55 0.0171875 0.075
1 0.3703125 0.4828125 0.053125 0.065625
1 0.53125 0.528125 0.046875 0.0859375
1 0.18125 0.4796875 0.0328125 0.059375
1 0.01171875 0.98359375 0.0234375 0.0328125
1 0.0078125 0.7125 0.015625 0.05703125
1 0.0078125 0.7 0.015625 0.05625
1 0.0078125 0.65625 0.015625 0.053125
1 0.00625 0.578125 0.0125 0.0390625
1 0.00625 0.609375 0.0125 0.05625
1 0.00625 0.5984375 0.0125 0.025
1 0.00625 0.6578125 0.0125 0.04375
1 0.00625 0.6515625 0.0125 0.04375
1 0.0046875 0.696875 0.009375 0.034375
1 0.009375 0.715625 0.01875 0.0328125
1 0.034375 0.7 0.0359375 0.0421875
1 0.121875 0.6625 0.03125 0.046875
1 0.00625 0.6546875 0.0109375 0.028125
1 0.00625 0.628125 0.0125 0.0359375
1 0.009375 0.6140625 0.0171875 0.028125
1 0.0046875 0.621875 0.009375 0.025
1 0.0078125 0.5671875 0.015625 0.0375
1 0.00625 0.553125 0.0125 0.03125
1 0.0046875 0.534375 0.009375 0.0234375
1 0.0078125 0.5265625 0.015625 0.034375
1 0.00625 0.553125 0.0125 0.0203125
1 0.00625 0.5375 0.01171875 0.01953125
1 0.0046875 0.503125 0.009375 0.0203125
1 0.003125 0.5 0.00625 0.0203125
1 0.009375 0.534375 0.01796875 0.03203125
1 0.00625 0.525 0.01171875 0.04296875
1 0.0046875 0.528125 0.009375 0.021875
1 0.00625 0.5046875 0.0125 0.021875
1 0.00625 0.4734375 0.0125 0.034375
1 0.0046875 0.465625 0.009375 0.025
1 0.00625 0.465625 0.0125 0.021875
1 0.00625 0.4875 0.01171875 0.03046875
1 0.00625 0.45625 0.0125 0.01328125
1 0.00625 0.4578125 0.01171875 0.015625
1 0.00625 0.4625 0.0125 0.025
1 0.00625 0.459375 0.01171875 0.01796875
1 0.61875 0.9390625 0.05625 0.090625
1 0.646875 0.9 0.02578125 0.04921875
1 0.56875 0.89375 0.028125 0.04375
1 0.59375 0.528125 0.040625 0.04921875
1 0.61875 0.4578125 0.02578125 0.015625
1 0.3875 0.459375 0.059375 0.01953125
1 0.309375 0.4703125 0.03828125 0.040625
1 0.3421875 0.4640625 0.028125 0.028125
1 0.2875 0.45625 0.028125 0.0125
1 0.234375 0.459375 0.02578125 0.01953125
1 0.25 0.4546875 0.034375 0.009375
1 0.196875 0.46875 0.0578125 0.0375
1 0.1453125 0.46875 0.034375 0.034375
1 0.15625 0.515625 0.040625 0.0625
1 0.1984375 0.521875 0.028125 0.046875
1 0.23125 0.546875 0.034375 0.0484375
1 0.1234375 0.546875 0.0359375 0.0375
1 0.0875 0.49375 0.04375 0.0515625
1 0.0234375 0.48125 0.028125 0.0328125
1 0.03125 0.521875 0.0328125 0.0453125
1 0.0484375 0.503125 0.028125 0.03125
1 0.0484375 0.46875 0.025 0.03671875
1 0.0703125 0.4625 0.021875 0.025
1 0.1015625 0.4625 0.034375 0.025
1 0.13125 0.45625 0.0203125 0.0109375
1 0.153125 0.459375 0.0265625 0.0171875
1 0.078125 0.459375 0.02578125 0.01796875
1 0.009375 0.45625 0.01875 0.0125
1 0.00625 0.459375 0.0125 0.01796875
1 0.0125 0.45625 0.021875 0.0109375
1 0.00625 0.475 0.0125 0.046875
1 0.00625 0.465625 0.01171875 0.03046875
1 0.00625 0.459375 0.0125 0.0203125
1 0.00625 0.45625 0.01171875 0.0125
1 0.00625 0.45625 0.01171875 0.01328125
1 0.009375 0.4828125 0.01796875 0.0625
1 0.003125 0.521875 0.00625 0.01875
1 0.003125 0.521875 0.00625 0.0171875