1 0.1921875 0.1265625 0.384375 0.253125
1 0.734375 0.221875 0.53125 0.44296875
1 0.0375 0.6375 0.0734375 0.2234375
1 0.0515625 0.725 0.103125 0.21171875
1 0.040625 0.7875 0.08125 0.22578125
1 0.16875 0.8015625 0.13828125 0.225
1 0.125 0.940625 0.25 0.1171875
1 0.3578125 0.896875 0.209375 0.20625
1 0.4375 0.8359375 0.0625 0.328125
1 0.353125 0.6625 0.1125 0.2265625
1 0.4234375 0.6015625 0.090625 0.165625
1 0.2234375 0.678125 0.1234375 0.2078125
1 0.053125 0.5625 0.10546875 0.22578125
1 0.15 0.540625 0.1109375 0.1796875
1 0.25 0.5125 0.08671875 0.12421875
1 0.41875 0.509375 0.0984375 0.11875
1 0.046875 0.8640625 0.09375 0.175
1 0.021875 0.80625 0.04375 0.178125
1 0.0484375 0.875 0.096875 0.21171875
1 0.74375 0.784375 0.24453125 0.43046875