1 0.7375 0.2296875 0.43203125 0.459375
1 0.26015625 0.2296875 0.5203125 0.459375
1 0.48125 0.234375 0.0765625 0.45
1 0.6625 0.9140625 0.1265625 0.13125
1 0.625 0.79375 0.1109375 0.096875
1 0.540625 0.8125 0.04296875 0.071875
1 0.965625 0.9671875 0.06875 0.065625
1 0.9671875 0.8765625 0.065625 0.171875
1 0.796875 0.95 0.11875 0.09921875
1 0.78125 0.7546875 0.0796875 0.0625
1 0.8375 0.796875 0.09375 0.1125
1 0.7125 0.853125 0.05 0.1046875
1 0.9765625 0.9109375 0.046875 0.16875
1 0.90625 0.909375 0.13125 0.171875
1 0.9671875 0.778125 0.065625 0.0953125
1 0.978125 0.7578125 0.04375 0.0625
1 0.690625 0.69375 0.06875 0.06328125
1 0.6703125 0.621875 0.053125 0.05
1 0.315625 0.5359375 0.34921875 0.153125