1 0.940625 0.475 0.11875 0.2109375
1 0.06875 0.378125 0.06953125 0.40546875
1 0.509375 0.315625 0.0828125 0.528125
1 0.28125 0.290625 0.11328125 0.58046875
1 0.971875 0.9 0.05625 0.2
1 0.6578125 0.9515625 0.065625 0.096875
1 0.95625 0.95 0.040625 0.1
1 0.71875 0.925 0.05078125 0.14921875
1 0.79375 0.928125 0.03828125 0.14375
1 0.584375 0.90625 0.0484375 0.1875
1 0.96875 0.9015625 0.0625 0.196875
1 0.89453125 0.94921875 0.0203125 0.1015625
1 0.871875 0.971875 0.01796875 0.05625
1 0.8484375 0.96875 0.01875 0.06171875
1 0.83203125 0.95546875 0.0265625 0.0890625
1 0.340625 0.784375 0.26953125 0.409375
1 0.034375 0.840625 0.0671875 0.2640625