1 0.909375 0.046875 0.0984375 0.09375
1 0.73125 0.03125 0.0921875 0.0625
1 0.6375 0.25 0.03828125 0.08671875
1 0.9875 0.3 0.02421875 0.11953125
1 0.60625 0.303125 0.03125 0.1140625
1 0.621875 0.0328125 0.0609375 0.065625
1 0.9625 0.03125 0.0609375 0.0609375
1 0.6734375 0.0359375 0.090625 0.071875
1 0.9875 0.1578125 0.025 0.13125
1 0.91875 0.128125 0.0421875 0.084375
1 0.7640625 0.0328125 0.065625 0.065625
1 0.759375 0.015625 0.05546875 0.03125
1 0.9671875 0.021875 0.034375 0.04375
1 0.990625 0.275 0.0171875 0.0984375
1 0.65625 0.01875 0.0875 0.0375
1 0.9890625 0.2 0.021875 0.1046875
1 0.990625 0.284375 0.01875 0.09921875
1 0.878125 0.0359375 0.065625 0.071875
1 0.771875 0.3375 0.0296875 0.04375
1 0.63125 0.03125 0.05546875 0.0625
1 0.79375 0.021875 0.03046875 0.04296875
1 0.640625 0.3328125 0.03125 0.053125
1 0.7125 0.034375 0.0234375 0.0671875
1 0.6125 0.01875 0.04296875 0.03671875
1 0.753125 0.034375 0.04921875 0.06875
1 0.7375 0.33125 0.028125 0.0578125
1 0.971875 0.0203125 0.0515625 0.040625
1 0.984375 0.2328125 0.03125 0.08125
1 0.684375 0.1140625 0.03046875 0.084375
1 0.9546875 0.253125 0.03359375 0.07421875
1 0.9671875 0.3 0.0359375 0.0921875
1 0.9921875 0.3265625 0.015625 0.065625
1 0.703125 0.2625 0.0328125 0.0828125
1 0.7 0.025 0.065625 0.05
1 0.771875 0.1375 0.0203125 0.05
1 0.95 0.015625 0.0296875 0.03125
1 0.875 0.328125 0.03046875 0.0625
1 0.978125 0.0484375 0.04375 0.096875
1 0.903125 0.2359375 0.05546875 0.15390625
1 0.33125 0.1234375 0.0828125 0.246875
1 0.23125 0.14375 0.0625 0.26171875
1 0.18125 0.134375 0.0625 0.2296875
1 0.5828125 0.0921875 0.015625 0.109375
1 0.565625 0.109375 0.05 0.1453125
1 0.065625 0.13125 0.03671875 0.096875
1 0.85 0.646875 0.2984375 0.5734375
1 0.3609375 0.765625 0.41875 0.46796875