1 0.109375 0.2546875 0.21875 0.509375
1 0.390625 0.1625 0.146875 0.22421875
1 0.3609375 0.253125 0.103125 0.21171875
1 0.3765625 0.5171875 0.134375 0.165625
1 0.525 0.3140625 0.121875 0.2265625
1 0.6734375 0.328125 0.1390625 0.225
1 0.596875 0.5046875 0.31875 0.190625
1 0.8625 0.459375 0.209375 0.2796875
1 0.95546875 0.3703125 0.0890625 0.34375
1 0.85625 0.1890625 0.1125 0.22734375
1 0.9328125 0.128125 0.1 0.1671875
1 0.728125 0.20625 0.12421875 0.20703125
1 0.5390625 0.1015625 0.140625 0.203125
1 0.653125 0.078125 0.1109375 0.15625
1 0.753125 0.05 0.0859375 0.1
1 0.928125 0.046875 0.1046875 0.09375
1 0.35625 0.390625 0.0953125 0.175
1 0.33125 0.3328125 0.0453125 0.178125
1 0.4078125 0.403125 0.1953125 0.2109375
1 0.1546875 0.84375 0.309375 0.31171875
1 0.821875 0.740625 0.2984375 0.28125
1 0.4625 0.7 0.178125 0.2
1 0.33125 0.628125 0.04375 0.05625