1 0.284375 0.159375 0.1671875 0.31875
1 0.0734375 0.159375 0.146875 0.31875
1 0.7859375 0.159375 0.428125 0.31875
1 0.4875 0.159375 0.2390625 0.31875
1 0.3234375 0.69375 0.0421875 0.103125
1 0.3484375 0.4765625 0.040625 0.153125
1 0.3453125 0.3609375 0.046875 0.084375
1 0.296875 0.353125 0.046875 0.06796875
1 0.34375 0.828125 0.04921875 0.14453125
1 0.2296875 0.590625 0.08125 0.17578125
1 0.1859375 0.45625 0.08359375 0.12578125
1 0.134375 0.771875 0.134375 0.1125
1 0.1265625 0.596875 0.09375 0.17421875
1 0.1359375 0.378125 0.13125 0.11875
1 0.2421875 0.3578125 0.05625 0.078125
1 0.028125 0.409375 0.05625 0.159375
1 0.0828125 0.5125 0.096875 0.121875
1 0.04375 0.615625 0.0875 0.11796875
1 0.2515625 0.88125 0.053125 0.096875
1 0.2875 0.4578125 0.04296875 0.10859375
1 0.765625 0.659375 0.3203125 0.68125