1 0.6703125 0.290625 0.659375 0.3171875
1 0.25625 0.121875 0.16953125 0.24375
1 0.0671875 0.1125 0.134375 0.225
1 0.303125 0.046875 0.0765625 0.09375
1 0.303125 0.05 0.07421875 0.09921875
1 0.5609375 0.4859375 0.05625 0.071875
1 0.9859375 0.821875 0.028125 0.1
1 0.4046875 0.859375 0.0625 0.08125
1 0.85 0.971875 0.0578125 0.05625
1 0.990625 0.79375 0.01875 0.0875
1 0.884375 0.8140625 0.03828125 0.078125
1 0.83125 0.659375 0.05546875 0.06953125
1 0.9796875 0.84375 0.040625 0.11875
1 0.665625 0.759375 0.05 0.0984375
1 0.95625 0.759375 0.04375 0.071875
1 0.6 0.665625 0.053125 0.11875
1 0.8890625 0.6453125 0.059375 0.0890625
1 0.384375 0.484375 0.03125 0.06875
1 0.9875 0.9359375 0.02421875 0.065625
1 0.75625 0.6640625 0.04296875 0.09140625
1 0.38125 0.6 0.04921875 0.08046875
1 0.465625 0.6578125 0.05078125 0.10390625
1 0.7375 0.596875 0.03828125 0.078125
1 0.78125 0.975 0.05546875 0.05
1 0.9140625 0.7765625 0.03515625 0.0625
1 0.940625 0.8265625 0.0375 0.071875
1 0.940625 0.9875 0.034375 0.025
1 0.459375 0.7578125 0.05078125 0.10859375
1 0.696875 0.675 0.0484375 0.0859375
1 0.978125 0.946875 0.04375 0.10625
1 0.7953125 0.728125 0.053125 0.078125
1 0.9859375 0.9265625 0.028125 0.1
1 0.9890625 0.7953125 0.021875 0.11875
1 0.353125 0.53125 0.025 0.09921875
1 0.53125 0.653125 0.05078125 0.08203125
1 0.825 0.909375 0.0453125 0.1265625
1 0.678125 0.6125 0.0421875 0.0609375
1 0.990625 0.7671875 0.01875 0.08125
1 0.990625 0.734375 0.01875 0.09375
1 0.5640625 0.88125 0.03984375 0.08046875
1 0.359375 0.7328125 0.0359375 0.09375
1 0.603125 0.5375 0.046875 0.0609375
1 0.50625 0.58125 0.05703125 0.075
1 0.71875 0.7953125 0.053125 0.1171875
1 0.41875 0.7453125 0.046875 0.121875
1 0.6328125 0.596875 0.040625 0.065625
1 0.8375 0.590625 0.0453125 0.075
1 0.984375 0.934375 0.03125 0.125
1 0.965625 0.5921875 0.05 0.08515625
1 0.628125 0.9125 0.0859375 0.121875
1 0.7125 0.878125 0.03125 0.059375
1 0.725 0.984375 0.0390625 0.03125
1 0.5703125 0.59375 0.04140625 0.0875
1 0.921875 0.546875 0.0359375 0.0625
1 0.99375 0.58125 0.0125 0.0578125
1 0.8875 0.93125 0.0515625 0.0953125
1 0.3546875 0.8234375 0.028125 0.1
1 0.55 0.73125 0.04375 0.08671875
1 0.8875 0.73125 0.0328125 0.071875
1 0.9859375 0.83125 0.028125 0.06796875
1 0.56875 0.775 0.046875 0.08671875
1 0.68125 0.9609375 0.0515625 0.078125
1 0.7875 0.5890625 0.0359375 0.0625
1 0.890625 0.5859375 0.034375 0.0453125
1 0.353125 0.4640625 0.0265625 0.028125
1 0.9375 0.946875 0.0328125 0.0859375
1 0.390625 0.690625 0.04375 0.0875
1 0.9703125 0.91875 0.04609375 0.08203125
1 0.440625 0.4859375 0.04453125 0.071875
1 0.5625 0.9875 0.06328125 0.02421875
1 0.7328125 0.496875 0.046875 0.09375
1 0.7125 0.546875 0.0375 0.0578125
1 0.9375 0.65625 0.03125 0.065625
1 0.990625 0.8703125 0.01875 0.075
1 0.646875 0.9890625 0.0453125 0.021875
1 0.5421875 0.953125 0.046875 0.071875
1 0.7375 0.734375 0.0296875 0.059375
1 0.44375 0.590625 0.0515625 0.06875
1 0.771875 0.8953125 0.05078125 0.103125
1 0.70625 0.759375 0.040625 0.08203125
1 0.496875 0.93125 0.046875 0.0984375
1 0.4671875 0.85 0.0375 0.06171875
1 0.6 0.840625 0.04375 0.08046875
1 0.3609375 0.6171875 0.040625 0.08125
1 0.50625 0.490625 0.046875 0.0796875
1 0.9890625 0.775 0.021875 0.0796875
1 0.84375 0.8 0.0359375 0.0671875
1 0.9828125 0.6265625 0.034375 0.109375
1 0.8546875 0.715625 0.040625 0.05625
1 0.959375 0.690625 0.0546875 0.0890625
1 0.9921875 0.6859375 0.015625 0.078125
1 0.990625 0.49375 0.01875 0.08828125
1 0.990625 0.653125 0.01796875 0.125
1 0.51875 0.7875 0.03828125 0.090625
1 0.990625 0.5671875 0.01875 0.06875
1 0.865625 0.771875 0.025 0.05078125
1 0.990625 0.55 0.0171875 0.075
1 0.6296875 0.4828125 0.053125 0.065625
1 0.46875 0.528125 0.046875 0.08671875
1 0.81875 0.4796875 0.0328125 0.059375
1 0.98828125 0.98359375 0.0234375 0.0328125
1 0.9921875 0.7125 0.015625 0.0578125
1 0.9921875 0.7 0.015625 0.05625
1 0.9921875 0.65625 0.015625 0.053125
1 0.99375 0.578125 0.0125 0.03828125
1 0.99375 0.609375 0.0125 0.05625
1 0.99375 0.5984375 0.0125 0.025
1 0.99375 0.6578125 0.0125 0.04375
1 0.99375 0.6515625 0.0125 0.04375
1 0.9953125 0.696875 0.009375 0.034375
1 0.990625 0.715625 0.01875 0.03203125
1 0.965625 0.7 0.03671875 0.04296875
1 0.878125 0.6625 0.03125 0.046875
1 0.99375 0.6546875 0.01171875 0.028125
1 0.99375 0.628125 0.0125 0.0359375
1 0.990625 0.6140625 0.01796875 0.028125
1 0.9953125 0.621875 0.009375 0.025
1 0.9921875 0.5671875 0.015625 0.0375
1 0.99375 0.553125 0.0125 0.03125
1 0.9953125 0.534375 0.009375 0.02421875
1 0.9921875 0.5265625 0.015625 0.034375
1 0.99375 0.553125 0.0125 0.0203125
1 0.99375 0.5375 0.01171875 0.01953125
1 0.9953125 0.503125 0.009375 0.01953125
1 0.996875 0.5 0.00625 0.0203125
1 0.990625 0.534375 0.01796875 0.03203125
1 0.99375 0.525 0.0109375 0.0421875
1 0.9953125 0.528125 0.009375 0.021875
1 0.99375 0.5046875 0.0125 0.021875
1 0.99375 0.4734375 0.0125 0.034375
1 0.9953125 0.465625 0.009375 0.025
1 0.99375 0.465625 0.0125 0.021875
1 0.99375 0.4875 0.0109375 0.0296875
1 0.99375 0.45625 0.0125 0.01328125
1 0.99375 0.4578125 0.01171875 0.015625
1 0.99375 0.4625 0.0125 0.025
1 0.99375 0.459375 0.0109375 0.0171875
1 0.38125 0.9390625 0.05625 0.090625
1 0.353125 0.9 0.0265625 0.0484375
1 0.43125 0.89375 0.028125 0.04375
1 0.40625 0.528125 0.040625 0.0484375
1 0.38125 0.4578125 0.0265625 0.015625
1 0.6125 0.459375 0.059375 0.01953125
1 0.690625 0.4703125 0.03828125 0.040625
1 0.6578125 0.4640625 0.028125 0.028125
1 0.7125 0.45625 0.028125 0.0125
1 0.765625 0.459375 0.0265625 0.0203125
1 0.75 0.4546875 0.034375 0.009375
1 0.803125 0.46875 0.0578125 0.0375
1 0.8546875 0.46875 0.034375 0.034375
1 0.84375 0.515625 0.040625 0.0625
1 0.8015625 0.521875 0.028125 0.046875
1 0.76875 0.546875 0.034375 0.0484375
1 0.8765625 0.546875 0.0359375 0.0375
1 0.9125 0.49375 0.04375 0.0515625
1 0.9765625 0.48125 0.028125 0.0328125
1 0.96875 0.521875 0.0328125 0.0453125
1 0.9515625 0.503125 0.028125 0.03125
1 0.9515625 0.46875 0.025 0.03671875
1 0.9296875 0.4625 0.021875 0.025
1 0.8984375 0.4625 0.034375 0.025
1 0.86875 0.45625 0.01953125 0.01171875
1 0.846875 0.459375 0.02578125 0.01796875
1 0.921875 0.459375 0.0265625 0.0171875
1 0.990625 0.45625 0.01875 0.0125
1 0.99375 0.459375 0.0125 0.0171875
1 0.9875 0.45625 0.021875 0.0109375
1 0.99375 0.475 0.0125 0.046875
1 0.99375 0.465625 0.0109375 0.0296875
1 0.99375 0.459375 0.0125 0.01953125
1 0.99375 0.45625 0.0109375 0.0125
1 0.99375 0.45625 0.0109375 0.0140625
1 0.990625 0.4828125 0.01796875 0.0625
1 0.996875 0.521875 0.00625 0.01875
1 0.996875 0.521875 0.00625 0.0171875