1 0.45625 0.259375 0.3234375 0.51875
1 0.659375 0.31875 0.08203125 0.63671875
1 0.628125 0.5046875 0.01953125 0.2
1 0.628125 0.509375 0.0203125 0.2171875
1 0.634375 0.3234375 0.0328125 0.609375
1 0.65625 0.31875 0.075 0.6375
1 0.628125 0.3640625 0.01796875 0.55
1 0.63125 0.45625 0.0265625 0.3578125
1 0.625 0.446875 0.01328125 0.38671875
1 0.640625 0.40625 0.04296875 0.45625
1 0.678125 0.31875 0.1203125 0.6375
1 0.903125 0.31875 0.1921875 0.6375
1 0.815625 0.3828125 0.08125 0.4765625
1 0.7625 0.4078125 0.0578125 0.4078125
1 0.890625 0.31875 0.15078125 0.6375
1 0.1140625 0.7875 0.228125 0.2984375
1 0.2984375 0.79375 0.203125 0.2703125
1 0.309375 0.675 0.15625 0.071875
1 0.721875 0.809375 0.20625 0.340625