1 0.7828125 0.165625 0.425 0.33046875
1 0.475 0.2828125 0.1890625 0.3125
1 0.8765625 0.709375 0.246875 0.5
1 0.378125 0.471875 0.0625 0.025
1 0.553125 0.7953125 0.0328125 0.125
1 0.540625 0.7046875 0.0578125 0.11875
1 0.55625 0.790625 0.02578125 0.08046875
1 0.53125 0.621875 0.078125 0.134375
1 0.4484375 0.6625 0.06015625 0.11796875
1 0.346875 0.56875 0.078125 0.21875
1 0.2828125 0.534375 0.0875 0.1484375
1 0.20625 0.5421875 0.065625 0.165625
1 0.1515625 0.58125 0.078125 0.19296875
1 0.075 0.5234375 0.06796875 0.128125
1 0.01953125 0.50859375 0.0390625 0.0984375
1 0.2703125 0.9875 0.059375 0.02421875
1 0.325 0.96171875 0.05625 0.0765625
1 0.3015625 0.8765625 0.0625 0.1015625
1 0.290625 0.7625 0.10625 0.10078125
1 0.2515625 0.6875 0.109375 0.125
1 0.3640625 0.84375 0.0578125 0.1390625
1 0.421875 0.80625 0.071875 0.13671875
1 0.390625 0.946875 0.0609375 0.1046875
1 0.446875 0.9 0.059375 0.0828125
1 0.465625 0.9609375 0.05 0.078125
1 0.51640625 0.98671875 0.0765625 0.0265625
1 0.55 0.934375 0.0390625 0.0921875
1 0.546875 0.878125 0.046875 0.13671875
1 0.553125 0.8578125 0.03671875 0.096875
1 0.54375 0.575 0.05546875 0.1875
1 0.4828125 0.515625 0.06875 0.1140625
1 0.4234375 0.515625 0.078125 0.1125
1 0.5515625 0.58125 0.0375 0.11171875
1 0.55 0.4875 0.0421875 0.0546875
1 0.55625 0.4796875 0.028125 0.040625
1 0.54375 0.5125 0.0546875 0.1046875
1 0.540625 0.9625 0.0578125 0.075
1 0.0875 0.65 0.0875 0.1046875
1 0.05625 0.6859375 0.08203125 0.08515625
1 0.02265625 0.68984375 0.0453125 0.0546875