1 0.4 0.334375 0.1 0.2234375
1 0.23125 0.046875 0.1078125 0.09375
1 0.1984375 0.559375 0.040625 0.0828125
1 0.21875 0.378125 0.08125 0.196875
1 0.046875 0.275 0.0921875 0.55
1 0.1109375 0.0453125 0.15 0.090625
1 0.2375 0.115625 0.1140625 0.228125
1 0.453125 0.0625 0.10625 0.1234375
1 0.3984375 0.0609375 0.071875 0.121875
1 0.346875 0.5296875 0.0625 0.09375
1 0.625 0.371875 0.1734375 0.45625
1 0.734375 0.3 0.3890625 0.6
1 0.1125 0.7125 0.2234375 0.225
1 0.09296875 0.89921875 0.1859375 0.2015625
1 0.29375 0.7015625 0.203125 0.203125
1 0.3265625 0.95234375 0.203125 0.0953125
1 0.3046875 0.6359375 0.15625 0.071875
1 0.91875 0.9234375 0.1609375 0.153125
1 0.76171875 0.89921875 0.1859375 0.2015625
1 0.9484375 0.94921875 0.103125 0.1015625