1 0.453125 0.015625 0.05 0.03125
1 0.015625 0.03125 0.03125 0.0609375
1 0.80625 0.2 0.3328125 0.4
1 0.69375 0.2 0.1078125 0.4
1 0.675 0.2140625 0.071875 0.371875
1 0.665625 0.2 0.0515625 0.3984375
1 0.171875 0.565625 0.2203125 0.33125
1 0.3328125 0.5078125 0.090625 0.215625
1 0.51875 0.6421875 0.0828125 0.2265625
1 0.440625 0.528125 0.0875 0.1296875
1 0.403125 0.6 0.090625 0.1296875
1 0.621875 0.640625 0.0359375 0.2390625
1 0.5734375 0.640625 0.05625 0.23125
1 0.0796875 0.4578125 0.08125 0.115625
1 0.4375 0.565625 0.103125 0.1484375
1 0.025 0.58125 0.0484375 0.3625
1 0.6125 0.4578125 0.0515625 0.115625
1 0.0421875 0.578125 0.084375 0.3546875
1 0.7890625 0.81875 0.059375 0.1640625
1 0.740625 0.8375 0.0421875 0.146875
1 0.690625 0.83125 0.0578125 0.13125
1 0.65 0.8125 0.021875 0.1296875
1 0.75 0.434375 0.065625 0.0671875
1 0.6875 0.4375 0.0453125 0.075
1 0.65 0.425 0.021875 0.0515625
1 0.653125 0.4375 0.0265625 0.0734375
1 0.6546875 0.43125 0.03125 0.0640625
1 0.65 0.421875 0.0234375 0.04375
1 0.65 0.4234375 0.0203125 0.046875
1 0.65625 0.471875 0.0328125 0.14375
1 0.65 0.5671875 0.0203125 0.159375
1 0.653125 0.5015625 0.0265625 0.146875
1 0.646875 0.58125 0.015625 0.1390625
1 0.65625 0.578125 0.0328125 0.1640625
1 0.646875 0.6828125 0.0171875 0.075
1 0.65 0.75625 0.0234375 0.1703125
1 0.6515625 0.6734375 0.025 0.090625
1 0.65 0.7375 0.0234375 0.1171875
1 0.6484375 0.75 0.01875 0.0890625
1 0.646875 0.79375 0.015625 0.0796875
1 0.6484375 0.85 0.01875 0.0796875
1 0.6484375 0.9421875 0.01875 0.096875
1 0.646875 0.940625 0.015625 0.075
1 0.646875 0.915625 0.015625 0.0796875
1 0.646875 0.925 0.0140625 0.078125
1 0.646875 0.98125 0.0140625 0.0375
1 0.646875 0.984375 0.0171875 0.03125
1 0.6546875 0.484375 0.03125 0.16875
1 0.6515625 0.521875 0.025 0.1234375
1 0.653125 0.665625 0.0296875 0.1671875
1 0.6484375 0.75 0.01875 0.1109375
1 0.65625 0.6859375 0.034375 0.159375
1 0.6546875 0.6375 0.03125 0.2265625
1 0.740625 0.496875 0.0359375 0.090625
1 0.97421875 0.42734375 0.0515625 0.0578125
1 0.9421875 0.5125 0.046875 0.1515625
1 0.80625 0.546875 0.065625 0.221875
1 0.8796875 0.528125 0.0671875 0.1875
1 0.8796875 0.425 0.03125 0.0515625
1 0.928125 0.665625 0.059375 0.15
1 0.859375 0.6984375 0.059375 0.1734375
1 0.8046875 0.675 0.0546875 0.140625
1 0.7515625 0.640625 0.0484375 0.1890625
1 0.7125 0.6625 0.0390625 0.209375
1 0.89375 0.76875 0.0390625 0.1125
1 0.978125 0.709375 0.04375 0.1734375
1 0.875 0.9078125 0.0484375 0.184375
1 0.93046875 0.90859375 0.0515625 0.1828125
1 0.81875 0.9203125 0.0421875 0.1328125
1 0.775 0.93125 0.0390625 0.109375
1 0.646875 0.859375 0.015625 0.0921875
1 0.65 0.7875 0.021875 0.0890625
1 0.646875 0.8515625 0.0140625 0.075
1 0.6453125 0.8625 0.0125 0.0984375
1 0.646875 0.878125 0.0140625 0.10625
1 0.65 0.90625 0.021875 0.103125
1 0.646875 0.846875 0.0171875 0.1171875
1 0.6546875 0.85625 0.03125 0.1640625
1 0.6484375 0.8265625 0.01875 0.075
1 0.6453125 0.8703125 0.0125 0.075
1 0.64375 0.8625 0.0109375 0.0609375
1 0.65 0.8125 0.0203125 0.1109375
1 0.646875 0.925 0.0140625 0.090625
1 0.6484375 0.965625 0.01875 0.06875
1 0.646875 0.971875 0.0171875 0.0546875
1 0.653125 0.95625 0.0265625 0.0859375
1 0.646875 0.96875 0.015625 0.0609375
1 0.7375 0.96875 0.0296875 0.0625
1 0.6875 0.925 0.0421875 0.078125
1 0.646875 0.9375 0.0140625 0.0734375
1 0.646875 0.928125 0.0140625 0.0859375
1 0.6453125 0.98125 0.0125 0.0359375
1 0.646875 0.975 0.015625 0.0484375
1 0.64375 0.978125 0.0109375 0.04375
1 0.64609375 0.98046875 0.0140625 0.0390625
1 0.66875 0.9765625 0.04375 0.046875
1 0.696875 0.98125 0.0421875 0.0375