1 0.0515625 0.115625 0.103125 0.23125
1 0.065625 0.1171875 0.1296875 0.234375
1 0.2171875 0.1140625 0.1375 0.228125
1 0.471875 0.115625 0.05625 0.2296875
1 0.3671875 0.1125 0.121875 0.225
1 0.028125 0.1125 0.05625 0.2234375
1 0.6375 0.140625 0.2734375 0.2796875
1 0.0765625 0.559375 0.153125 0.5609375
1 0.41875 0.725 0.1609375 0.5
1 0.2875 0.88125 0.1015625 0.2359375
1 0.2296875 0.509375 0.225 0.25
1 0.465625 0.4328125 0.0671875 0.096875
1 0.134375 0.825 0.225 0.3453125
1 0.7203125 0.63984375 0.440625 0.7203125