1 0.553125 0.415625 0.40625 0.8296875
1 0.175 0.3984375 0.35 0.796875
1 0.640625 0.884375 0.1 0.1109375
1 0.809375 0.878125 0.10703125 0.09453125
1 0.8421875 0.95546875 0.040625 0.0890625
1 0.821875 0.878125 0.08125 0.0984375
1 0.928125 0.875 0.14375 0.090625
1 0.37890625 0.91484375 0.0578125 0.1703125
1 0.803125 0.8875 0.11328125 0.11328125
1 0.5875 0.890625 0.10625 0.1234375
1 0.6421875 0.8671875 0.071875 0.075
1 0.69375 0.9234375 0.0625 0.09375
1 0.175 0.91484375 0.35 0.1703125
1 0.325 0.8640625 0.05 0.06875