1 0.05625 0.38125 0.1125 0.1734375
1 0.0609375 0.090625 0.121875 0.18125
1 0.2578125 0.090625 0.184375 0.18125
1 0.2625 0.390625 0.2390625 0.15625
1 0.4359375 0.109375 0.10625 0.2171875
1 0.03125 0.3875 0.0625 0.1625
1 0.034375 0.096875 0.06875 0.1921875
1 0.0609375 0.4 0.115625 0.1375
1 0.021875 0.096875 0.0421875 0.19375
1 0.7625 0.159375 0.3140625 0.31875
1 0.740625 0.0640625 0.2859375 0.128125
1 0.94375 0.075 0.1109375 0.15
1 0.96171875 0.33359375 0.0765625 0.1453125
1 0.053125 0.725 0.10625 0.5109375
1 0.403125 0.78125 0.171875 0.4375
1 0.146875 0.734375 0.2921875 0.53125
1 0.74375 0.825 0.5109375 0.3484375