1 0.0609375 0.246875 0.121875 0.325
1 0.896875 0.109375 0.03125 0.08125
1 0.98671875 0.38046875 0.0265625 0.1734375
1 0.4984375 0.078125 0.0578125 0.115625
1 0.515625 0.025 0.028125 0.0484375
1 0.915625 0.259375 0.0375 0.115625
1 0.98125 0.0328125 0.0171875 0.0390625
1 0.765625 0.26875 0.04375 0.13125
1 0.796875 0.365625 0.065625 0.2609375
1 0.8703125 0.1875 0.028125 0.0671875
1 0.5984375 0.096875 0.021875 0.0625
1 0.909375 0.4359375 0.0859375 0.240625
1 0.8296875 0.5328125 0.090625 0.09375
1 0.96171875 0.53046875 0.0765625 0.0984375
1 0.953125 0.171875 0.04375 0.140625
1 0.834375 0.21875 0.04375 0.09375
1 0.7171875 0.2234375 0.034375 0.15625
1 0.859375 0.0625 0.0328125 0.1234375
1 0.5515625 0.54375 0.065625 0.0734375
1 0.571875 0.103125 0.05 0.1390625
1 0.446875 0.053125 0.034375 0.10625
1 0.4375 0.04375 0.0140625 0.0875
1 0.97421875 0.26484375 0.0515625 0.0890625
1 0.871875 0.3125 0.0421875 0.071875
1 0.821875 0.015625 0.0265625 0.03125
1 0.684375 0.053125 0.0296875 0.071875
1 0.765625 0.15 0.0203125 0.0390625
1 0.771875 0.01875 0.025 0.0359375
1 0.21484375 0.78984375 0.4296875 0.4203125
1 0.81171875 0.79609375 0.2734375 0.4078125