1 0.2359375 0.028125 0.053125 0.05546875
1 0.0125 0.08125 0.025 0.10625
1 0.009375 0.1390625 0.0171875 0.10625
1 0.0140625 0.025 0.028125 0.05
1 0.121875 0.271875 0.0625 0.128125
1 0.0109375 0.253125 0.021875 0.09453125
1 0.0078125 0.271875 0.015625 0.096875
1 0.128125 0.1296875 0.0640625 0.175
1 0.009375 0.39375 0.01875 0.0703125
1 0.0109375 0.0171875 0.021875 0.034375
1 0.3375 0.3375 0.05 0.15
1 0.0109375 0.0875 0.021875 0.08671875
1 0.00625 0.284375 0.0125 0.078125
1 0.0890625 0.0359375 0.05625 0.071875
1 0.3421875 0.4140625 0.040625 0.03125
1 0.115625 0.36875 0.059375 0.096875
1 0.0125 0.0640625 0.025 0.115625
1 0.0109375 0.04375 0.021875 0.0875
1 0.009375 0.03125 0.01796875 0.06171875
1 0.009375 0.153125 0.01796875 0.0625
1 0.4375 0.2234375 0.0234375 0.115625
1 0.009375 0.021875 0.01875 0.04375
1 0.2875 0.3625 0.0390625 0.0859375
1 0.428125 0.309375 0.0453125 0.0984375
1 0.0078125 0.2625 0.015625 0.08125
1 0.025 0.0578125 0.04921875 0.115625
1 0.03125 0.0265625 0.05625 0.053125
1 0.30625 0.41875 0.0390625 0.021875
1 0.0125 0.0296875 0.025 0.059375
1 0.009375 0.2203125 0.01875 0.075
1 0.0125 0.03125 0.025 0.06171875
1 0.015625 0.0265625 0.0296875 0.053125
1 0.0078125 0.359375 0.015625 0.08671875
1 0.009375 0.0171875 0.01875 0.034375
1 0.2921875 0.028125 0.05 0.05625
1 0.04375 0.309375 0.0703125 0.1390625
1 0.009375 0.084375 0.01875 0.0765625
1 0.396875 0.225 0.04921875 0.1375
1 0.259375 0.396875 0.034375 0.065625
1 0.0453125 0.4 0.034375 0.0609375
1 0.009375 0.3625 0.01875 0.08125
1 0.3875 0.325 0.05 0.1
1 0.01875 0.0640625 0.0375 0.128125
1 0.009375 0.2234375 0.0171875 0.090625
1 0.0125 0.3578125 0.02421875 0.096875
1 0.09375 0.40625 0.0296875 0.0453125
1 0.4265625 0.4 0.0375 0.0578125
1 0.009375 0.15 0.01875 0.09296875
1 0.0375 0.178125 0.0515625 0.1640625
1 0.0125 0.0328125 0.025 0.065625
1 0.00625 0.3453125 0.0125 0.071875
1 0.009375 0.025 0.01875 0.05
1 0.2203125 0.375 0.04375 0.109375
1 0.009375 0.1859375 0.01875 0.09375
1 0.284375 0.065625 0.05 0.13125
1 0.525 0.215625 0.15078125 0.43046875
1 0.6671875 0.2390625 0.140625 0.209375
1 0.8921875 0.190625 0.215625 0.2671875
1 0.0203125 0.715625 0.040625 0.5234375
1 0.0671875 0.71484375 0.121875 0.5703125
1 0.15234375 0.71484375 0.1484375 0.5703125
1 0.28359375 0.71484375 0.1046875 0.5703125
1 0.259375 0.946875 0.14296875 0.10625
1 0.38125 0.753125 0.0671875 0.49375
1 0.42109375 0.71484375 0.0578125 0.5703125
1 0.725 0.734375 0.55 0.53125