1 0.2390625 0.15 0.29375 0.3
1 0.5 0.01875 0.0234375 0.0375
1 0.884375 0.146875 0.0546875 0.071875
1 0.503125 0.259375 0.0265625 0.0828125
1 0.7125 0.290625 0.059375 0.0203125
1 0.9234375 0.290625 0.0375 0.0171875
1 0.503125 0.01875 0.028125 0.0375
1 0.5 0.115625 0.021875 0.0703125
1 0.5015625 0.159375 0.025 0.0640625
1 0.5 0.015625 0.0203125 0.03125
1 0.7671875 0.015625 0.03125 0.03125
1 0.5 0.021875 0.0203125 0.04375
1 0.5015625 0.028125 0.025 0.05625
1 0.95625 0.125 0.0546875 0.0765625
1 0.8921875 0.021875 0.0375 0.04375
1 0.690625 0.015625 0.0359375 0.03125
1 0.5 0.075 0.0203125 0.065625
1 0.8875 0.090625 0.0390625 0.0640625
1 0.98125 0.215625 0.0375 0.090625
1 0.959375 0.271875 0.0484375 0.0546875
1 0.4984375 0.01875 0.01875 0.0359375
1 0.878125 0.2625 0.0640625 0.075
1 0.753125 0.24375 0.0421875 0.096875
1 0.721875 0.015625 0.0328125 0.03125
1 0.5 0.025 0.0203125 0.05
1 0.7640625 0.065625 0.0375 0.065625
1 0.4984375 0.0203125 0.01875 0.040625
1 0.503125 0.146875 0.028125 0.0859375
1 0.803125 0.01875 0.0359375 0.0359375
1 0.4953125 0.0125 0.0125 0.025
1 0.496875 0.0203125 0.015625 0.040625
1 0.665625 0.05 0.0390625 0.084375
1 0.5015625 0.021875 0.025 0.0421875
1 0.73125 0.0171875 0.0359375 0.034375
1 0.5 0.015625 0.0234375 0.0296875
1 0.73125 0.078125 0.034375 0.0734375
1 0.5 0.0921875 0.021875 0.071875
1 0.878125 0.01875 0.0296875 0.0375
1 0.809375 0.203125 0.05 0.071875
1 0.7 0.2375 0.0359375 0.0890625
1 0.496875 0.015625 0.0171875 0.03125
1 0.690625 0.01875 0.0328125 0.0375
1 0.7484375 0.171875 0.0359375 0.0765625
1 0.934375 0.03125 0.0546875 0.0625
1 0.8 0.2578125 0.0546875 0.084375
1 0.4953125 0.01875 0.0125 0.0359375
1 0.9203125 0.025 0.03125 0.05
1 0.81875 0.01875 0.0421875 0.0375
1 0.5015625 0.24375 0.025 0.1046875
1 0.496875 0.015625 0.0140625 0.0296875
1 0.496875 0.015625 0.0140625 0.03125
1 0.815625 0.0375 0.0375 0.0703125
1 0.4984375 0.015625 0.01875 0.0296875
1 0.6171875 0.025 0.040625 0.0484375
1 0.496875 0.0203125 0.015625 0.040625
1 0.696875 0.146875 0.04375 0.0796875
1 0.778125 0.028125 0.0359375 0.0546875
1 0.8578125 0.040625 0.0359375 0.0734375
1 0.9890625 0.0703125 0.021875 0.06875
1 0.825 0.128125 0.0390625 0.0765625
1 0.496875 0.01875 0.015625 0.0359375
1 0.4953125 0.015625 0.0125 0.03125
1 0.934375 0.015625 0.034375 0.0296875
1 0.74375 0.69375 0.5109375 0.6125