1 0.803125 0.8703125 0.0921875 0.2
1 0.8125 0.234375 0.178125 0.309375
1 0.675 0.3078125 0.10625 0.25625
1 0.7 0.515625 0.09296875 0.19296875
1 0.825 0.478125 0.12421875 0.21796875
1 0.4265625 0.528125 0.178125 0.34453125
1 0.2171875 0.16875 0.1703125 0.265625
1 0.234375 0.425 0.17578125 0.36953125
1 0.7171875 0.703125 0.10859375 0.234375
1 0.928125 0.878125 0.084375 0.221875
1 0.296875 0.6625 0.0640625 0.1765625
1 0.1875 0.6765625 0.096875 0.1828125
1 0.321875 0.78125 0.10546875 0.19296875
1 0.234375 0.8125 0.0609375 0.128125
1 0.2625 0.9125 0.0578125 0.1125
1 0.10625 0.715625 0.05078125 0.23046875
1 0.1 0.88125 0.0546875 0.1203125