1 0.1125 0.2828125 0.225 0.39375
1 0.859375 0.240625 0.28125 0.4796875
1 0.38125 0.740625 0.675 0.5171875
1 0.7578125 0.85546875 0.078125 0.2890625
1 0.74375 0.88046875 0.05 0.2390625
1 0.73125 0.65625 0.0265625 0.2234375
1 0.734375 0.74375 0.0296875 0.425
1 0.728125 0.64375 0.01875 0.1296875
1 0.7265625 0.653125 0.015625 0.1203125
1 0.728125 0.646875 0.0203125 0.1125
1 0.728125 0.6203125 0.0203125 0.1875
1 0.7375 0.6640625 0.0390625 0.36875
1 0.734375 0.6625 0.0328125 0.31875
1 0.7375 0.715625 0.0359375 0.365625
1 0.7328125 0.940625 0.028125 0.1171875
1 0.734375 0.90625 0.0296875 0.1875
1 0.7375 0.6296875 0.0359375 0.3
1 0.734375 0.634375 0.03125 0.3078125
1 0.7375 0.6609375 0.0359375 0.3625
1 0.7328125 0.9359375 0.028125 0.128125
1 0.740625 0.7671875 0.0453125 0.346875
1 0.828125 0.70625 0.134375 0.453125
1 0.9375 0.64375 0.084375 0.328125
1 0.98671875 0.6609375 0.0265625 0.3625