1 0.11875 0.175 0.2375 0.35
1 0.4171875 0.175 0.165625 0.35
1 0.85625 0.68125 0.2875 0.63671875
1 0.61875 0.675 0.2375 0.65
1 0.975 0.521875 0.05 0.128125
1 0.1796875 0.3625 0.0625 0.025
1 0.375 0.621875 0.065625 0.125
1 0.471875 0.5296875 0.0578125 0.11875
1 0.4359375 0.6171875 0.05390625 0.07890625
1 0.3328125 0.446875 0.0796875 0.134375
1 0.25 0.4875 0.06171875 0.11875
1 0.1484375 0.4265625 0.078125 0.153125
1 0.084375 0.4015625 0.0875 0.103125
1 0.0203125 0.4 0.040625 0.1
1 0.1296875 0.9078125 0.065625 0.1125
1 0.071875 0.853125 0.059375 0.10546875
1 0.125 0.796875 0.05703125 0.096875
1 0.103125 0.7015625 0.0640625 0.1015625
1 0.09375 0.5875 0.10703125 0.10078125
1 0.05390625 0.5125 0.1078125 0.125
1 0.165625 0.66875 0.0578125 0.1390625
1 0.2234375 0.63125 0.071875 0.13671875
1 0.190625 0.778125 0.06171875 0.11328125
1 0.246875 0.725 0.059375 0.08203125
1 0.2671875 0.790625 0.05 0.084375
1 0.315625 0.859375 0.07578125 0.11796875
1 0.3828125 0.7609375 0.0796875 0.0921875
1 0.4625 0.703125 0.07421875 0.13671875
1 0.48125 0.6828125 0.0359375 0.096875
1 0.4578125 0.421875 0.084375 0.14375
1 0.284375 0.378125 0.06875 0.05703125
1 0.225 0.38125 0.078125 0.06171875
1 0.48125 0.40625 0.0375 0.11171875
1 0.478125 0.378125 0.0421875 0.0546875
1 0.4859375 0.3703125 0.028125 0.040625
1 0.471875 0.378125 0.0546875 0.0578125
1 0.465625 0.80625 0.06875 0.11328125
1 0.484375 0.9703125 0.03046875 0.059375
1 0.465625 0.9234375 0.0578125 0.0703125
1 0.378125 0.9046875 0.1 0.165625
1 0.184375 0.940625 0.0578125 0.09375
1 0.265625 0.928125 0.075 0.0890625
1 0.3734375 0.9921875 0.075 0.015625
1 0.228125 0.984375 0.0890625 0.03125