1 0.315625 0.2 0.63046875 0.4
1 0.8328125 0.2 0.25625 0.4
1 0.5953125 0.9109375 0.06875 0.06875
1 0.0171875 0.96875 0.034375 0.0625
1 0.5640625 0.86875 0.04140625 0.06171875
1 0.46875 0.959375 0.0640625 0.0546875
1 0.5375 0.95 0.059375 0.06328125
1 0.609375 0.871875 0.0421875 0.071875
1 0.5 0.9140625 0.06875 0.0484375
1 0.3125 0.965625 0.096875 0.06875
1 0.159375 0.97421875 0.084375 0.0515625
1 0.05625 0.9890625 0.090625 0.021875
1 0.0234375 0.9515625 0.046875 0.071875
1 0.3078125 0.8140625 0.059375 0.05234375
1 0.290625 0.771875 0.03828125 0.03828125
1 0.38125 0.759375 0.046875 0.02578125
1 0.4171875 0.7703125 0.02890625 0.06015625
1 0.521875 0.740625 0.05078125 0.08671875
1 0.571875 0.75 0.0515625 0.0546875
1 0.6234375 0.73125 0.0125 0.06953125
1 0.453125 0.74375 0.01875 0.015625
1 0.0125 0.88125 0.0234375 0.053125
1 0.81484375 0.69921875 0.3703125 0.5984375