1 0.734375 0.1421875 0.0984375 0.13125
1 0.559375 0.03125 0.0921875 0.0625
1 0.4640625 0.3625 0.03984375 0.08671875
1 0.846875 0.4125 0.046875 0.121875
1 0.440625 0.4265625 0.0171875 0.1375
1 0.4546875 0.0328125 0.046875 0.065625
1 0.7890625 0.06875 0.0609375 0.1234375
1 0.5 0.0359375 0.090625 0.071875
1 0.9421875 0.2703125 0.05 0.13125
1 0.7453125 0.240625 0.0421875 0.084375
1 0.8015625 0.4765625 0.0625 0.065625
1 0.590625 0.0328125 0.065625 0.065625
1 0.5875 0.015625 0.05546875 0.03125
1 0.79375 0.021875 0.034375 0.04375
1 0.940625 0.3875 0.03671875 0.09921875
1 0.4828125 0.01875 0.0875 0.0375
1 0.9890625 0.3125 0.021875 0.1046875
1 0.8640625 0.484375 0.04375 0.04921875
1 0.9 0.396875 0.0390625 0.0984375
1 0.7046875 0.046875 0.065625 0.09375
1 0.6 0.46875 0.0296875 0.08125
1 0.459375 0.09375 0.05546875 0.12578125
1 0.61875 0.10625 0.0296875 0.084375
1 0.4671875 0.4640625 0.03125 0.090625
1 0.69375 0.496875 0.02421875 0.02421875
1 0.5390625 0.1421875 0.0234375 0.075
1 0.4453125 0.01875 0.028125 0.03671875
1 0.578125 0.11875 0.04921875 0.13046875
1 0.5640625 0.453125 0.028125 0.075
1 0.796875 0.0203125 0.05078125 0.040625
1 0.815625 0.346875 0.03828125 0.08125
1 0.5109375 0.2265625 0.02890625 0.084375
1 0.78125 0.365625 0.03203125 0.07421875
1 0.79375 0.4125 0.0359375 0.0921875
1 0.9921875 0.446875 0.015625 0.08125
1 0.5296875 0.375 0.0328125 0.0828125
1 0.525 0.075 0.065625 0.1
1 0.5984375 0.25 0.02109375 0.05
1 0.775 0.015625 0.0296875 0.03125
1 0.703125 0.459375 0.0296875 0.0984375
1 0.984375 0.4734375 0.0296875 0.071875
1 0.8625 0.0484375 0.09296875 0.096875
1 0.7296875 0.3484375 0.0546875 0.1546875
1 0.940625 0.48125 0.0640625 0.0546875
1 0.215625 0.2546875 0.43125 0.509375
1 0.59375 0.715625 0.32578125 0.4125