1 0.2375 0.4390625 0.046875 0.07734375
1 0.8359375 0.8703125 0.0578125 0.0953125
1 0.734375 0.64375 0.05546875 0.071875
1 0.240625 0.75625 0.053125 0.0828125
1 0.5609375 0.825 0.0609375 0.0953125
1 0.771875 0.81875 0.0375 0.0765625
1 0.5 0.85625 0.053125 0.11796875
1 0.884375 0.846875 0.0421875 0.0765625
1 0.16875 0.403125 0.05625 0.0796875
1 0.2484375 0.6140625 0.04375 0.07109375
1 0.10625 0.6578125 0.05 0.0640625
1 0.1734375 0.33125 0.040625 0.065625
1 0.615625 0.40625 0.03125 0.065625
1 0.23125 0.334375 0.040625 0.0890625
1 0.2453125 0.5125 0.05 0.08671875
1 0.5796875 0.9109375 0.0671875 0.1078125
1 0.66875 0.9546875 0.0625 0.090625
1 0.803125 0.621875 0.05546875 0.07578125
1 0.80625 0.971875 0.04921875 0.05625
1 0.7625 0.9171875 0.06875 0.0875
1 0.740625 0.38125 0.0375 0.090625
1 0.5375 0.31875 0.03671875 0.065625
1 0.03125 0.571875 0.0421875 0.065625
1 0.7359375 0.5875 0.03984375 0.06328125
1 0.134375 0.94375 0.0703125 0.1015625
1 0.8375 0.7125 0.053125 0.090625
1 0.3890625 0.921875 0.059375 0.12421875
1 0.809375 0.7859375 0.04921875 0.0875
1 0.278125 0.4125 0.0375 0.07421875
1 0.7265625 0.759375 0.0640625 0.075
1 0.6 0.740625 0.04296875 0.096875
1 0.9375 0.671875 0.046875 0.075
1 0.8734375 0.775 0.0390625 0.0734375
1 0.8875 0.671875 0.046875 0.090625
1 0.5703125 0.265625 0.03359375 0.06796875
1 0.078125 0.509375 0.040625 0.075
1 0.6125 0.5625 0.0375 0.065625
1 0.2703125 0.3015625 0.0390625 0.08125
1 0.171875 0.64375 0.05625 0.0859375
1 0.65 0.4625 0.0359375 0.0734375
1 0.209375 0.10625 0.0265625 0.0546875
1 0.29375 0.240625 0.03203125 0.08203125
1 0.5125 0.546875 0.0390625 0.084375
1 0.70625 0.84375 0.04375 0.09375
1 0.15 0.475 0.0515625 0.0859375
1 0.5796875 0.3328125 0.03515625 0.07109375
1 0.084375 0.446875 0.046875 0.0609375
1 0.578125 0.575 0.034375 0.07421875
1 0.2 0.590625 0.0453125 0.071875
1 0.965625 0.834375 0.053125 0.06796875
1 0.728125 0.465625 0.03046875 0.078125
1 0.215625 0.9171875 0.0515625 0.090625
1 0.6578125 0.7 0.05 0.071875
1 0.5484375 0.734375 0.0375 0.0890625
1 0.31875 0.45625 0.0359375 0.0671875
1 0.540625 0.3953125 0.0328125 0.078125
1 0.596875 0.66875 0.0375 0.0765625
1 0.784375 0.50625 0.05546875 0.109375
1 0.65 0.759375 0.0546875 0.09375
1 0.3078125 0.3046875 0.0265625 0.071875
1 0.76875 0.41875 0.03125 0.1015625
1 0.66875 0.3328125 0.04296875 0.075
1 0.153125 0.740625 0.05078125 0.10546875
1 0.19375 0.284375 0.028125 0.0609375
1 0.071875 0.346875 0.03046875 0.0625
1 0.6640625 0.534375 0.0375 0.06953125
1 0.9140625 0.925 0.05625 0.0703125
1 0.03125 0.421875 0.0390625 0.0609375
1 0.465625 0.50625 0.040625 0.08046875
1 0.284375 0.484375 0.0328125 0.08125
1 0.546875 0.64375 0.04453125 0.08046875
1 0.74453125 0.97734375 0.0578125 0.0453125
1 0.6421875 0.884375 0.0484375 0.0890625
1 0.6265625 0.515625 0.0359375 0.0703125
1 0.70625 0.5375 0.0375 0.0734375
1 0.9109375 0.603125 0.04140625 0.06328125
1 0.853125 0.5671875 0.0546875 0.06875
1 0.6734375 0.625 0.0390625 0.0765625
1 0.23125 0.253125 0.03125 0.071875
1 0.2 0.2140625 0.025 0.06484375
1 0.784375 0.3390625 0.034375 0.059375