1 0.634375 0.19375 0.7296875 0.3875
1 0.259375 0.271875 0.01953125 0.15078125
1 0.021875 0.20625 0.03125 0.096875
1 0.19375 0.084375 0.03671875 0.115625
1 0.01328125 0.30859375 0.0265625 0.1390625
1 0.2625 0.2859375 0.015625 0.134375
1 0.190625 0.021875 0.0265625 0.04375
1 0.265625 0.20625 0.01171875 0.084375
1 0.2625 0.365625 0.0140625 0.0484375
1 0.096875 0.06875 0.0328125 0.1375
1 0.2296875 0.015625 0.03125 0.03046875
1 0.2609375 0.0875 0.01875 0.10546875
1 0.146875 0.10625 0.040625 0.16328125
1 0.065625 0.24375 0.03828125 0.13046875
1 0.2625 0.259375 0.015625 0.14921875
1 0.21875 0.35 0.034375 0.078125
1 0.265625 0.33125 0.0109375 0.109375
1 0.228125 0.2390625 0.03125 0.11875
1 0.2578125 0.040625 0.025 0.08125
1 0.0625 0.078125 0.03671875 0.146875
1 0.2625 0.021875 0.0140625 0.04375
1 0.1984375 0.209375 0.0359375 0.13125
1 0.2625 0.1015625 0.01796875 0.14375
1 0.228125 0.1 0.02578125 0.10546875
1 0.01875 0.0375 0.0375 0.075
1 0.053125 0.346875 0.05625 0.084375
1 0.140625 0.353125 0.03203125 0.06953125
1 0.10625 0.309375 0.046875 0.159375
1 0.171875 0.3140625 0.0359375 0.15
1 0.1171875 0.178125 0.025 0.090625
1 0.09375 0.153125 0.028125 0.13203125
1 0.259375 0.30625 0.021875 0.1671875
1 0.2625 0.3 0.01796875 0.17578125
1 0.2625 0.315625 0.01328125 0.140625
1 0.2625 0.165625 0.0171875 0.1359375
1 0.2640625 0.14375 0.0125 0.153125
1 0.265625 0.0546875 0.01171875 0.09375
1 0.265625 0.115625 0.01171875 0.11171875
1 0.7640625 0.609375 0.19375 0.40546875
1 0.165625 0.69375 0.209375 0.61171875
1 0.1 0.69375 0.2 0.61171875
1 0.2484375 0.725 0.04375 0.20703125
1 0.2390625 0.8921875 0.0625 0.215625