1 0.94375 0.38125 0.1125 0.1734375
1 0.9390625 0.090625 0.121875 0.18125
1 0.7421875 0.090625 0.184375 0.18125
1 0.7375 0.390625 0.2390625 0.15625
1 0.5640625 0.109375 0.10625 0.2171875
1 0.96875 0.3875 0.0625 0.1625
1 0.965625 0.096875 0.06875 0.19296875
1 0.9390625 0.4 0.115625 0.1375
1 0.978125 0.096875 0.0421875 0.19375
1 0.2375 0.159375 0.31328125 0.31875
1 0.259375 0.0640625 0.28671875 0.128125
1 0.05625 0.075 0.11171875 0.15
1 0.03828125 0.33359375 0.0765625 0.1453125
1 0.946875 0.725 0.10625 0.5109375
1 0.596875 0.78125 0.171875 0.4375
1 0.853125 0.734375 0.29296875 0.53125
1 0.25625 0.825 0.5109375 0.3484375