1 0.734375 0.26875 0.159375 0.19375
1 0.0421875 0.175 0.084375 0.35
1 0.11875 0.13125 0.07578125 0.2625
1 0.2765625 0.209375 0.121875 0.41875
1 0.365625 0.05625 0.05078125 0.1125
1 0.36875 0.146875 0.05078125 0.29296875
1 0.434375 0.09375 0.05546875 0.1875
1 0.50625 0.06875 0.053125 0.1375
1 0.5546875 0.0296875 0.03125 0.059375
1 0.5359375 0.125 0.06875 0.25
1 0.5375 0.1421875 0.06796875 0.284375
1 0.559375 0.05625 0.021875 0.11171875
1 0.55625 0.05 0.0296875 0.1
1 0.525 0.1875 0.0921875 0.375
1 0.6625 0.6625 0.1828125 0.4859375
1 0.28515625 0.6125 0.5703125 0.3875