1 0.265625 0.26875 0.159375 0.19375
1 0.9578125 0.175 0.084375 0.35
1 0.88125 0.13125 0.0765625 0.2625
1 0.7234375 0.209375 0.121875 0.41875
1 0.634375 0.05625 0.0515625 0.1125
1 0.63125 0.146875 0.0515625 0.2921875
1 0.565625 0.09375 0.0546875 0.1875
1 0.49375 0.06875 0.053125 0.1375
1 0.4453125 0.0296875 0.03125 0.059375
1 0.4640625 0.125 0.06875 0.25
1 0.4625 0.1421875 0.0671875 0.284375
1 0.440625 0.05625 0.021875 0.1109375
1 0.44375 0.05 0.0296875 0.1
1 0.475 0.1875 0.0921875 0.375
1 0.3375 0.6625 0.1828125 0.4859375
1 0.71484375 0.6125 0.5703125 0.3875