1 0.6 0.334375 0.1 0.2234375
1 0.76875 0.046875 0.10703125 0.09375
1 0.8015625 0.559375 0.040625 0.08203125
1 0.78125 0.378125 0.08125 0.196875
1 0.953125 0.275 0.09296875 0.55
1 0.8890625 0.0453125 0.15 0.090625
1 0.7625 0.115625 0.1140625 0.228125
1 0.546875 0.0625 0.10625 0.1234375
1 0.6015625 0.0609375 0.071875 0.121875
1 0.653125 0.5296875 0.0625 0.09375
1 0.375 0.371875 0.17421875 0.45625
1 0.265625 0.3 0.3890625 0.6
1 0.8875 0.7125 0.22421875 0.225
1 0.90703125 0.89921875 0.1859375 0.2015625
1 0.70625 0.7015625 0.203125 0.203125
1 0.6734375 0.95234375 0.203125 0.0953125
1 0.6953125 0.6359375 0.15625 0.071875
1 0.08125 0.9234375 0.16171875 0.153125
1 0.23828125 0.89921875 0.1859375 0.2015625
1 0.0515625 0.94921875 0.103125 0.1015625