1 0.684375 0.2 0.63046875 0.4
1 0.1671875 0.2 0.25625 0.4
1 0.4046875 0.9109375 0.06875 0.06875
1 0.9828125 0.96875 0.034375 0.0625
1 0.4359375 0.86875 0.04140625 0.06171875
1 0.53125 0.959375 0.06328125 0.05546875
1 0.4625 0.95 0.059375 0.0640625
1 0.390625 0.871875 0.0421875 0.071875
1 0.5 0.9140625 0.06875 0.0484375
1 0.6875 0.965625 0.096875 0.06875
1 0.840625 0.97421875 0.084375 0.0515625
1 0.94375 0.9890625 0.090625 0.021875
1 0.9765625 0.9515625 0.046875 0.071875
1 0.6921875 0.8140625 0.059375 0.0515625
1 0.709375 0.771875 0.0390625 0.0390625
1 0.61875 0.759375 0.046875 0.0265625
1 0.5828125 0.7703125 0.0296875 0.0609375
1 0.478125 0.740625 0.0515625 0.0859375
1 0.428125 0.75 0.0515625 0.0546875
1 0.3765625 0.73125 0.0125 0.0703125
1 0.546875 0.74375 0.01875 0.015625
1 0.9875 0.88125 0.0234375 0.053125
1 0.18515625 0.69921875 0.3703125 0.5984375