1 0.240625 0.209375 0.4796875 0.41875
1 0.490625 0.3046875 0.0203125 0.125
1 0.4859375 0.2671875 0.0125 0.084375
1 0.50625 0.325 0.0515625 0.1890625
1 0.4890625 0.2734375 0.01875 0.109375
1 0.490625 0.3 0.021875 0.096875
1 0.4859375 0.203125 0.0125 0.0640625
1 0.75 0.3 0.35 0.2390625
1 0.90625 0.3953125 0.0515625 0.046875
1 0.8546875 0.3828125 0.078125 0.071875
1 0.8015625 0.36875 0.0375 0.1
1 0.2578125 0.709375 0.44375 0.58125
1 0.85 0.70625 0.2984375 0.4515625
1 0.834375 0.4828125 0.2859375 0.128125