1 0.8078125 0.1265625 0.384375 0.253125
1 0.265625 0.221875 0.53125 0.4421875
1 0.9625 0.6375 0.0734375 0.2234375
1 0.9484375 0.725 0.103125 0.21171875
1 0.959375 0.7875 0.08125 0.2265625
1 0.83125 0.8015625 0.13828125 0.225
1 0.875 0.940625 0.25 0.11796875
1 0.6421875 0.896875 0.209375 0.20625
1 0.5625 0.8359375 0.0625 0.328125
1 0.646875 0.6625 0.1125 0.2265625
1 0.5765625 0.6015625 0.090625 0.165625
1 0.7765625 0.678125 0.1234375 0.2078125
1 0.946875 0.5625 0.10546875 0.22578125
1 0.85 0.540625 0.1109375 0.1796875
1 0.75 0.5125 0.0859375 0.1234375
1 0.58125 0.509375 0.0984375 0.11875
1 0.953125 0.8640625 0.09375 0.175
1 0.978125 0.80625 0.04375 0.178125
1 0.9515625 0.875 0.096875 0.21171875
1 0.25625 0.784375 0.2453125 0.4296875