1 0.759375 0.209375 0.4796875 0.41875
1 0.509375 0.3046875 0.0203125 0.125
1 0.5140625 0.2671875 0.0125 0.084375
1 0.49375 0.325 0.05078125 0.18828125
1 0.5109375 0.2734375 0.01875 0.109375
1 0.509375 0.3 0.021875 0.096875
1 0.5140625 0.203125 0.0125 0.0640625
1 0.25 0.3 0.35 0.23828125
1 0.09375 0.3953125 0.05078125 0.046875
1 0.1453125 0.3828125 0.078125 0.071875
1 0.1984375 0.36875 0.0375 0.1
1 0.7421875 0.709375 0.44375 0.58125
1 0.15 0.70625 0.29921875 0.45078125
1 0.165625 0.4828125 0.28671875 0.128125