1 0.7609375 0.15 0.29375 0.3
1 0.5 0.01875 0.02421875 0.0375
1 0.115625 0.146875 0.05546875 0.071875
1 0.496875 0.259375 0.0265625 0.0828125
1 0.2875 0.290625 0.059375 0.01953125
1 0.0765625 0.290625 0.0375 0.0171875
1 0.496875 0.01875 0.028125 0.0375
1 0.5 0.115625 0.021875 0.06953125
1 0.4984375 0.159375 0.025 0.06328125
1 0.5 0.015625 0.01953125 0.03125
1 0.2328125 0.015625 0.03125 0.03125
1 0.5 0.021875 0.0203125 0.04375
1 0.4984375 0.028125 0.025 0.05625
1 0.04375 0.125 0.0546875 0.0765625
1 0.1078125 0.021875 0.0375 0.04375
1 0.309375 0.015625 0.03671875 0.03125
1 0.5 0.075 0.0203125 0.065625
1 0.1125 0.090625 0.0390625 0.0640625
1 0.01875 0.215625 0.0375 0.090625
1 0.040625 0.271875 0.0484375 0.0546875
1 0.5015625 0.01875 0.01875 0.0359375
1 0.121875 0.2625 0.06328125 0.075
1 0.246875 0.24375 0.0421875 0.096875
1 0.278125 0.015625 0.03203125 0.03125
1 0.5 0.025 0.0203125 0.05
1 0.2359375 0.065625 0.0375 0.065625
1 0.5015625 0.0203125 0.01875 0.040625
1 0.496875 0.146875 0.028125 0.08671875
1 0.196875 0.01875 0.0359375 0.0359375
1 0.5046875 0.0125 0.0125 0.025
1 0.503125 0.0203125 0.015625 0.040625
1 0.334375 0.05 0.03828125 0.084375
1 0.4984375 0.021875 0.025 0.04296875
1 0.26875 0.0171875 0.0359375 0.034375
1 0.5 0.015625 0.02421875 0.03046875
1 0.26875 0.078125 0.034375 0.07421875
1 0.5 0.0921875 0.021875 0.071875
1 0.121875 0.01875 0.03046875 0.0375
1 0.190625 0.203125 0.05 0.071875
1 0.3 0.2375 0.03671875 0.08828125
1 0.503125 0.015625 0.0171875 0.03125
1 0.309375 0.01875 0.03203125 0.0375
1 0.2515625 0.171875 0.03515625 0.07578125
1 0.065625 0.03125 0.05546875 0.0625
1 0.2 0.2578125 0.05546875 0.084375
1 0.5046875 0.01875 0.0125 0.03671875
1 0.0796875 0.025 0.03125 0.05
1 0.18125 0.01875 0.04296875 0.0375
1 0.4984375 0.24375 0.025 0.1046875
1 0.503125 0.015625 0.01328125 0.03046875
1 0.503125 0.015625 0.0140625 0.03125
1 0.184375 0.0375 0.0375 0.06953125
1 0.5015625 0.015625 0.01875 0.0296875
1 0.3828125 0.025 0.040625 0.04921875
1 0.503125 0.0203125 0.015625 0.040625
1 0.303125 0.146875 0.04375 0.08046875
1 0.221875 0.028125 0.03671875 0.05546875
1 0.1421875 0.040625 0.0359375 0.0734375
1 0.0109375 0.0703125 0.021875 0.06875
1 0.175 0.128125 0.03828125 0.07578125
1 0.503125 0.01875 0.015625 0.0359375
1 0.5046875 0.015625 0.0125 0.03125
1 0.065625 0.015625 0.034375 0.0296875
1 0.25625 0.69375 0.51171875 0.6125