1 0.5296875 0.2125 0.359375 0.425
1 0.121875 0.225 0.0734375 0.45
1 0.221875 0.225 0.1 0.44921875
1 0.03125 0.228125 0.06171875 0.45625
1 0.31875 0.221875 0.0609375 0.44375
1 0.334375 0.225 0.03125 0.45
1 0.521875 0.5625 0.16875 0.20703125
1 0.70625 0.5671875 0.1390625 0.215625
1 0.884375 0.56875 0.146875 0.2203125
1 0.975 0.56875 0.05 0.2171875
1 0.52578125 0.85234375 0.1671875 0.2953125
1 0.715625 0.84921875 0.125 0.3015625
1 0.88515625 0.84609375 0.1546875 0.3078125
1 0.971875 0.84609375 0.05625 0.3078125
1 0.175 0.7296875 0.35 0.540625