1 0.0421875 0.265625 0.084375 0.28828125
1 0.2 0.2046875 0.14453125 0.409375
1 0.35625 0.2046875 0.1671875 0.409375
1 0.746875 0.2125 0.209375 0.140625
1 0.0671875 0.54375 0.134375 0.26875
1 0.03125 0.840625 0.0625 0.2078125
1 0.140625 0.74375 0.28125 0.38046875
1 0.890625 0.9421875 0.2171875 0.115625
1 0.625 0.8953125 0.19375 0.209375
1 0.5703125 0.69375 0.12734375 0.13125
1 0.85625 0.646875 0.096875 0.109375
1 0.609375 0.575 0.1109375 0.096875
1 0.921875 0.5515625 0.08046875 0.13515625
1 0.7046875 0.59375 0.06640625 0.071875
1 0.4890625 0.9359375 0.1 0.128125
1 0.4765625 0.8375 0.075 0.1
1 0.503125 0.91875 0.13046875 0.16171875
1 0.484375 0.846875 0.090625 0.153125
1 0.4734375 0.765625 0.06875 0.103125
1 0.471875 0.65625 0.065625 0.171875
1 0.46875 0.7515625 0.059375 0.140625
1 0.465625 0.534375 0.05078125 0.0625
1 0.4625 0.575 0.046875 0.1125
1 0.51875 0.634375 0.05 0.1046875
1 0.778125 0.496875 0.10546875 0.10703125
1 0.79375 0.5625 0.11328125 0.109375
1 0.4625 0.690625 0.046875 0.16875
1 0.471875 0.6890625 0.065625 0.171875
1 0.471875 0.559375 0.065625 0.0953125
1 0.4625 0.5375 0.0453125 0.0625
1 0.540625 0.4734375 0.06875 0.0640625
1 0.5625 0.421875 0.053125 0.025