1 0.7375 0.309375 0.3359375 0.2390625
1 0.525 0.0875 0.0671875 0.1453125
1 0.55 0.3046875 0.040625 0.178125
1 0.5546875 0.0421875 0.03125 0.084375
1 0.346875 0.040625 0.0484375 0.0796875
1 0.55625 0.159375 0.02578125 0.11953125
1 0.375 0.3796875 0.0359375 0.1
1 0.5046875 0.021875 0.028125 0.04296875
1 0.325 0.3859375 0.05546875 0.0875
1 0.54375 0.065625 0.05078125 0.13125
1 0.0671875 0.0375 0.05 0.075
1 0.2875 0.275 0.03828125 0.103125
1 0.55 0.3984375 0.0390625 0.0625
1 0.0984375 0.03125 0.040625 0.06171875
1 0.45 0.1875 0.05625 0.134375
1 0.0546875 0.0484375 0.0625 0.096875
1 0.0671875 0.028125 0.040625 0.05625
1 0.271875 0.0375 0.05625 0.07421875
1 0.553125 0.075 0.034375 0.15
1 0.059375 0.025 0.0359375 0.05
1 0.428125 0.3609375 0.03828125 0.09140625
1 0.028125 0.021875 0.0296875 0.04375
1 0.475 0.3078125 0.0375 0.11875
1 0.1125 0.046875 0.059375 0.09296875
1 0.4453125 0.4109375 0.046875 0.0375
1 0.146875 0.0375 0.05625 0.075
1 0.15 0.040625 0.05703125 0.08125
1 0.559375 0.284375 0.0203125 0.1203125
1 0.55625 0.06875 0.0296875 0.1375
1 0.5078125 0.25 0.06484375 0.190625
1 0.203125 0.0265625 0.04296875 0.053125
1 0.24375 0.021875 0.028125 0.04296875
1 0.40625 0.0359375 0.06171875 0.071875
1 0.3296875 0.20625 0.06015625 0.121875
1 0.21875 0.028125 0.040625 0.05625
1 0.021875 0.35625 0.04375 0.146875
1 0.01015625 0.06484375 0.0203125 0.1296875
1 0.01875 0.1125 0.0375 0.15625
1 0.0875 0.28125 0.05 0.14375
1 0.153125 0.325 0.028125 0.078125
1 0.1296875 0.38125 0.05625 0.09921875
1 0.20625 0.3953125 0.040625 0.06875
1 0.1765625 0.384375 0.03125 0.0890625
1 0.15625 0.21875 0.0625 0.153125
1 0.1234375 0.1 0.059375 0.2
1 0.0625 0.153125 0.05 0.16875
1 0.184375 0.05625 0.0375 0.11171875
1 0.2375 0.328125 0.06171875 0.171875
1 0.271875 0.1078125 0.0609375 0.16875
1 0.21875 0.109375 0.04375 0.18203125
1 0.41875 0.0875 0.05078125 0.16875
1 0.490625 0.0328125 0.0515625 0.065625
1 0.440625 0.03125 0.03828125 0.0625
1 0.5625 0.0625 0.01796875 0.11171875
1 0.371875 0.04375 0.0546875 0.0875
1 0.428125 0.053125 0.04375 0.10625
1 0.3078125 0.0296875 0.0375 0.059375
1 0.31875 0.0359375 0.04375 0.071875
1 0.171875 0.03125 0.0421875 0.0625
1 0.278125 0.028125 0.0515625 0.05625
1 0.328125 0.10625 0.03828125 0.09296875
1 0.2625 0.03125 0.034375 0.0625
1 0.01953125 0.03984375 0.0390625 0.0796875
1 0.446875 0.040625 0.075 0.08125
1 0.80625 0.925 0.3875 0.15
1 0.8890625 0.5875 0.221875 0.31328125
1 0.8859375 0.8859375 0.228125 0.228125
1 0.7859375 0.5953125 0.428125 0.33125
1 0.3375 0.63125 0.4125 0.4015625
1 0.10703125 0.553125 0.2140625 0.246875