1 0.0453125 0.1296875 0.090625 0.259375
1 0.6484375 0.4484375 0.059375 0.1640625
1 0.696875 0.4296875 0.0421875 0.146875
1 0.746875 0.4359375 0.0578125 0.1296875
1 0.803125 0.453125 0.04375 0.1296875
1 0.9703125 0.7109375 0.053125 0.0375
1 0.9109375 0.70625 0.05 0.0484375
1 0.95625 0.603125 0.0609375 0.1671875
1 0.9328125 0.515625 0.0390625 0.1109375
1 0.878125 0.58125 0.0703125 0.159375
1 0.8 0.6234375 0.0625 0.2125
1 0.63125 0.66875 0.065625 0.121875
1 0.55625 0.6875 0.0671875 0.0859375
1 0.525 0.603125 0.0296875 0.1484375
1 0.578125 0.56875 0.059375 0.1734375
1 0.6328125 0.59375 0.0546875 0.140625
1 0.6859375 0.628125 0.0484375 0.190625
1 0.725 0.603125 0.040625 0.209375
1 0.5203125 0.5796875 0.021875 0.184375
1 0.54375 0.4984375 0.0390625 0.1125
1 0.521875 0.55625 0.0234375 0.1734375
1 0.525 0.5515625 0.03125 0.153125
1 0.521875 0.5359375 0.025 0.128125
1 0.5234375 0.396875 0.028125 0.1453125
1 0.515625 0.45625 0.0109375 0.0578125
1 0.51875 0.44375 0.01875 0.0671875
1 0.5203125 0.365625 0.021875 0.121875
1 0.5171875 0.3828125 0.015625 0.090625
1 0.5609375 0.3328125 0.0484375 0.2375
1 0.521875 0.35 0.025 0.2
1 0.61875 0.346875 0.0421875 0.1328125
1 0.6625 0.3375 0.0390625 0.109375
1 0.83125 0.40625 0.03125 0.0921875
1 0.85625 0.478125 0.04375 0.0890625
1 0.8671875 0.415625 0.028125 0.075
1 0.8921875 0.403125 0.0265625 0.0984375
1 0.9140625 0.3890625 0.028125 0.10625
1 0.934375 0.3609375 0.04375 0.1015625
1 0.965625 0.421875 0.034375 0.11875
1 0.99296875 0.409375 0.0140625 0.165625
1 0.98359375 0.27421875 0.0328125 0.1578125
1 0.928125 0.284375 0.0328125 0.084375
1 0.95 0.240625 0.03125 0.1171875
1 0.99296875 0.13125 0.0140625 0.13125
1 0.51875 0.290625 0.0171875 0.1
1 0.525 0.2234375 0.0296875 0.128125
1 0.51875 0.2390625 0.0171875 0.103125
1 0.7 0.265625 0.0296875 0.125
1 0.75 0.3421875 0.0421875 0.078125
1 0.825 0.328125 0.0296875 0.0734375
1 0.875 0.3390625 0.028125 0.0859375
1 0.884375 0.26875 0.0265625 0.065625
1 0.8375 0.284375 0.03125 0.0640625
1 0.859375 0.26875 0.0234375 0.08125
1 0.80625 0.2640625 0.028125 0.084375
1 0.76875 0.26875 0.04375 0.0921875
1 0.7390625 0.240625 0.0421875 0.1265625
1 0.653125 0.228125 0.0453125 0.109375
1 0.6125 0.21875 0.0328125 0.1171875
1 0.584375 0.165625 0.0390625 0.1109375
1 0.5515625 0.178125 0.0296875 0.078125
1 0.51875 0.221875 0.0203125 0.0765625
1 0.5234375 0.140625 0.028125 0.0859375
1 0.625 0.128125 0.025 0.078125
1 0.7125 0.1296875 0.034375 0.0828125
1 0.84375 0.184375 0.034375 0.1078125
1 0.7671875 0.1625 0.03125 0.090625
1 0.7984375 0.128125 0.03125 0.075
1 0.765625 0.0671875 0.03125 0.0890625
1 0.878125 0.140625 0.0390625 0.115625
1 0.909375 0.215625 0.0296875 0.059375
1 0.9765625 0.1125 0.01875 0.040625
1 0.946875 0.121875 0.0265625 0.0765625
1 0.925 0.1640625 0.0234375 0.05
1 0.9 0.128125 0.01875 0.046875
1 0.51875 0.090625 0.0171875 0.096875
1 0.515625 0.171875 0.0140625 0.0734375
1 0.875 0.059375 0.021875 0.0609375
1 0.83125 0.059375 0.028125 0.078125
1 0.165625 0.86484375 0.33125 0.2703125
1 0.64296875 0.94296875 0.2671875 0.1140625