1 0.665625 0.134375 0.0921875 0.26875
1 0.6453125 0.215625 0.05 0.084375
1 0.07890625 0.32734375 0.1578125 0.3203125
1 0.971875 0.9125 0.0546875 0.1734375
1 0.9734375 0.5546875 0.053125 0.13125
1 0.9796875 0.940625 0.040625 0.11796875
1 0.9671875 0.7765625 0.065625 0.446875
1 0.9625 0.5484375 0.075 0.11875
1 0.65625 0.5640625 0.071875 0.15
1 0.7171875 0.6609375 0.090625 0.34375
1 0.971875 0.71875 0.05625 0.228125
1 0.9421875 0.58125 0.10625 0.184375
1 0.98125 0.65 0.0375 0.15
1 0.24140625 0.74296875 0.4828125 0.5109375