1 0.7421875 0.06875 0.053125 0.1375
1 0.740625 0.1828125 0.034375 0.09140625
1 0.70625 0.2390625 0.0609375 0.08125
1 0.690625 0.13125 0.046875 0.14296875
1 0.8375 0.0625 0.0375 0.103125
1 0.790625 0.171875 0.04453125 0.125
1 0.8 0.084375 0.0359375 0.0921875
1 0.790625 0.025 0.034375 0.0484375
1 0.93125 0.059375 0.0515625 0.1171875
1 0.884375 0.14375 0.046875 0.0921875
1 0.6421875 0.1109375 0.046875 0.13515625
1 0.8859375 0.01875 0.040625 0.03671875
1 0.865625 0.0375 0.0265625 0.075
1 0.53125 0.2359375 0.0828125 0.0875
1 0.9734375 0.2140625 0.053125 0.13125
1 0.8625 0.23125 0.0765625 0.0953125
1 0.48125 0.1 0.1328125 0.2
1 0.5875 0.1 0.0578125 0.1578125
1 0.428125 0.265625 0.09453125 0.03046875
1 0.98125 0.096875 0.0375 0.09375
1 0.98125 0.190625 0.0375 0.084375
1 0.63125 0.240625 0.0421875 0.078125
1 0.190625 0.140625 0.38125 0.28046875
1 0.4203125 0.675 0.078125 0.37578125
1 0.190625 0.678125 0.38125 0.64375