1 0.3109375 0.2125 0.578125 0.425
1 0.7296875 0.36875 0.059375 0.1640625
1 0.778125 0.3875 0.04296875 0.146875
1 0.828125 0.38125 0.0578125 0.13125
1 0.884375 0.3625 0.04375 0.13046875
1 0.7671875 0.034375 0.065625 0.0671875
1 0.83125 0.03125 0.04375 0.0609375
1 0.878125 0.025 0.04296875 0.05
1 0.984375 0.0359375 0.03125 0.071875
1 0.9328125 0.059375 0.0625 0.11875
1 0.98359375 0.07109375 0.0328125 0.1234375
1 0.959375 0.2359375 0.06953125 0.159375
1 0.88125 0.1875 0.0625 0.22578125
1 0.778125 0.046875 0.0375 0.090625
1 0.615625 0.028125 0.03203125 0.05625
1 0.6265625 0.0875 0.053125 0.175
1 0.6125 0.06875 0.02421875 0.1375
1 0.7125 0.103125 0.065625 0.20625
1 0.6375 0.0859375 0.06796875 0.171875
1 0.6390625 0.025 0.03125 0.05
1 0.615625 0.2140625 0.03046875 0.15
1 0.659375 0.2484375 0.059375 0.17265625
1 0.7140625 0.225 0.0546875 0.140625
1 0.7671875 0.190625 0.04765625 0.18828125
1 0.80625 0.2125 0.040625 0.209375
1 0.615625 0.0203125 0.03046875 0.040625
1 0.6109375 0.2375 0.021875 0.1859375
1 0.625 0.31875 0.0390625 0.1125
1 0.6125 0.259375 0.02421875 0.17421875
1 0.615625 0.265625 0.03125 0.1546875
1 0.6125 0.28125 0.025 0.128125
1 0.6140625 0.4125 0.028125 0.134375
1 0.60625 0.3625 0.0109375 0.0578125
1 0.609375 0.371875 0.01875 0.0671875
1 0.6109375 0.434375 0.021875 0.090625
1 0.6078125 0.4328125 0.015625 0.090625
1 0.640625 0.421875 0.04921875 0.11328125
1 0.6125 0.4234375 0.025 0.1125
1 0.7 0.440625 0.0421875 0.0765625
1 0.74375 0.453125 0.03828125 0.05546875
1 0.9125 0.409375 0.03125 0.09296875
1 0.9375 0.3390625 0.04375 0.0890625
1 0.9484375 0.4015625 0.028125 0.075
1 0.9734375 0.4125 0.02734375 0.09921875
1 0.990625 0.428125 0.01875 0.10546875
1 0.83125 0.4578125 0.0421875 0.04375
1 0.90625 0.465625 0.03046875 0.028125
1 0.9546875 0.45625 0.028125 0.04453125
1 0.0765625 0.73984375 0.153125 0.5203125
1 0.17734375 0.73984375 0.3109375 0.5203125
1 0.47734375 0.73984375 0.2453125 0.5203125
1 0.66875 0.5609375 0.13671875 0.1625
1 0.93125 0.559375 0.1375 0.15703125
1 0.721875 0.553125 0.11328125 0.146875
1 0.815625 0.696875 0.125 0.140625