1 0.090625 0.046875 0.0984375 0.09375
1 0.26875 0.03125 0.0921875 0.0625
1 0.3625 0.25 0.0390625 0.0859375
1 0.0125 0.3 0.0234375 0.1203125
1 0.39375 0.303125 0.03125 0.1140625
1 0.378125 0.0328125 0.0609375 0.065625
1 0.0375 0.03125 0.0609375 0.0609375
1 0.3265625 0.0359375 0.090625 0.071875
1 0.0125 0.1578125 0.025 0.13125
1 0.08125 0.128125 0.0421875 0.084375
1 0.2359375 0.0328125 0.065625 0.065625
1 0.240625 0.015625 0.0546875 0.03125
1 0.0328125 0.021875 0.034375 0.04375
1 0.009375 0.275 0.0171875 0.0984375
1 0.34375 0.01875 0.0875 0.0375
1 0.0109375 0.2 0.021875 0.1046875
1 0.009375 0.284375 0.01875 0.0984375
1 0.121875 0.0359375 0.065625 0.071875
1 0.228125 0.3375 0.0296875 0.04375
1 0.36875 0.03125 0.0546875 0.0625
1 0.20625 0.021875 0.0296875 0.0421875
1 0.359375 0.3328125 0.03125 0.053125
1 0.2875 0.034375 0.0234375 0.0671875
1 0.3875 0.01875 0.0421875 0.0359375
1 0.246875 0.034375 0.0484375 0.06875
1 0.2625 0.33125 0.028125 0.0578125
1 0.028125 0.0203125 0.0515625 0.040625
1 0.015625 0.2328125 0.03125 0.08125
1 0.315625 0.1140625 0.0296875 0.084375
1 0.0453125 0.253125 0.0328125 0.0734375
1 0.0328125 0.3 0.0359375 0.0921875
1 0.0078125 0.3265625 0.015625 0.065625
1 0.296875 0.2625 0.0328125 0.0828125
1 0.3 0.025 0.065625 0.05
1 0.228125 0.1375 0.0203125 0.05
1 0.05 0.015625 0.0296875 0.03125
1 0.125 0.328125 0.0296875 0.0625
1 0.021875 0.0484375 0.04375 0.096875
1 0.096875 0.2359375 0.0546875 0.1546875
1 0.66875 0.1234375 0.0828125 0.246875
1 0.76875 0.14375 0.0625 0.2609375
1 0.81875 0.134375 0.0625 0.2296875
1 0.4171875 0.0921875 0.015625 0.109375
1 0.434375 0.109375 0.05 0.1453125
1 0.934375 0.13125 0.0359375 0.096875
1 0.15 0.646875 0.2984375 0.5734375
1 0.6390625 0.765625 0.41875 0.4671875