1 0.7625 0.4390625 0.046875 0.0765625
1 0.1640625 0.8703125 0.0578125 0.0953125
1 0.265625 0.64375 0.0546875 0.071875
1 0.759375 0.75625 0.053125 0.0828125
1 0.4390625 0.825 0.0609375 0.0953125
1 0.228125 0.81875 0.0375 0.0765625
1 0.5 0.85625 0.053125 0.1171875
1 0.115625 0.846875 0.0421875 0.0765625
1 0.83125 0.403125 0.05625 0.0796875
1 0.7515625 0.6140625 0.04375 0.0703125
1 0.89375 0.6578125 0.05 0.0640625
1 0.8265625 0.33125 0.040625 0.065625
1 0.384375 0.40625 0.03125 0.065625
1 0.76875 0.334375 0.040625 0.0890625
1 0.7546875 0.5125 0.05 0.0859375
1 0.4203125 0.9109375 0.0671875 0.1078125
1 0.33125 0.9546875 0.0625 0.090625
1 0.196875 0.621875 0.0546875 0.0765625
1 0.19375 0.971875 0.0484375 0.05625
1 0.2375 0.9171875 0.06875 0.0875
1 0.259375 0.38125 0.0375 0.090625
1 0.4625 0.31875 0.0359375 0.065625
1 0.96875 0.571875 0.0421875 0.065625
1 0.2640625 0.5875 0.0390625 0.0640625
1 0.865625 0.94375 0.0703125 0.1015625
1 0.1625 0.7125 0.053125 0.090625
1 0.6109375 0.921875 0.059375 0.1234375
1 0.190625 0.7859375 0.0484375 0.0875
1 0.721875 0.4125 0.0375 0.0734375
1 0.2734375 0.759375 0.0640625 0.075
1 0.4 0.740625 0.0421875 0.096875
1 0.0625 0.671875 0.046875 0.075
1 0.1265625 0.775 0.0390625 0.0734375
1 0.1125 0.671875 0.046875 0.090625
1 0.4296875 0.265625 0.0328125 0.0671875
1 0.921875 0.509375 0.040625 0.075
1 0.3875 0.5625 0.0375 0.065625
1 0.7296875 0.3015625 0.0390625 0.08125
1 0.828125 0.64375 0.05625 0.0859375
1 0.35 0.4625 0.0359375 0.0734375
1 0.790625 0.10625 0.0265625 0.0546875
1 0.70625 0.240625 0.0328125 0.0828125
1 0.4875 0.546875 0.0390625 0.084375
1 0.29375 0.84375 0.04375 0.09375
1 0.85 0.475 0.0515625 0.0859375
1 0.4203125 0.3328125 0.0359375 0.0703125
1 0.915625 0.446875 0.046875 0.0609375
1 0.421875 0.575 0.034375 0.0734375
1 0.8 0.590625 0.0453125 0.071875
1 0.034375 0.834375 0.053125 0.0671875
1 0.271875 0.465625 0.0296875 0.078125
1 0.784375 0.9171875 0.0515625 0.090625
1 0.3421875 0.7 0.05 0.071875
1 0.4515625 0.734375 0.0375 0.0890625
1 0.68125 0.45625 0.0359375 0.0671875
1 0.459375 0.3953125 0.0328125 0.078125
1 0.403125 0.66875 0.0375 0.0765625
1 0.215625 0.50625 0.0546875 0.109375
1 0.35 0.759375 0.0546875 0.09375
1 0.6921875 0.3046875 0.0265625 0.071875
1 0.23125 0.41875 0.03125 0.1015625
1 0.33125 0.3328125 0.0421875 0.075
1 0.846875 0.740625 0.0515625 0.1046875
1 0.80625 0.284375 0.028125 0.0609375
1 0.928125 0.346875 0.0296875 0.0625
1 0.3359375 0.534375 0.0375 0.0703125
1 0.0859375 0.925 0.05625 0.0703125
1 0.96875 0.421875 0.0390625 0.0609375
1 0.534375 0.50625 0.040625 0.0796875
1 0.715625 0.484375 0.0328125 0.08125
1 0.453125 0.64375 0.0453125 0.0796875
1 0.25546875 0.97734375 0.0578125 0.0453125
1 0.3578125 0.884375 0.0484375 0.0890625
1 0.3734375 0.515625 0.0359375 0.0703125
1 0.29375 0.5375 0.0375 0.0734375
1 0.0890625 0.603125 0.0421875 0.0640625
1 0.146875 0.5671875 0.0546875 0.06875
1 0.3265625 0.625 0.0390625 0.0765625
1 0.76875 0.253125 0.03125 0.071875
1 0.8 0.2140625 0.025 0.0640625
1 0.215625 0.3390625 0.034375 0.059375