1 0.265625 0.1421875 0.0984375 0.13125
1 0.440625 0.03125 0.0921875 0.0625
1 0.5359375 0.3625 0.0390625 0.0859375
1 0.153125 0.4125 0.046875 0.121875
1 0.559375 0.4265625 0.0171875 0.1375
1 0.5453125 0.0328125 0.046875 0.065625
1 0.2109375 0.06875 0.0609375 0.1234375
1 0.5 0.0359375 0.090625 0.071875
1 0.0578125 0.2703125 0.05 0.13125
1 0.2546875 0.240625 0.0421875 0.084375
1 0.1984375 0.4765625 0.0625 0.065625
1 0.409375 0.0328125 0.065625 0.065625
1 0.4125 0.015625 0.0546875 0.03125
1 0.20625 0.021875 0.034375 0.04375
1 0.059375 0.3875 0.0359375 0.0984375
1 0.5171875 0.01875 0.0875 0.0375
1 0.0109375 0.3125 0.021875 0.1046875
1 0.1359375 0.484375 0.04375 0.0484375
1 0.1 0.396875 0.0390625 0.0984375
1 0.2953125 0.046875 0.065625 0.09375
1 0.4 0.46875 0.0296875 0.08125
1 0.540625 0.09375 0.0546875 0.1265625
1 0.38125 0.10625 0.0296875 0.084375
1 0.5328125 0.4640625 0.03125 0.090625
1 0.30625 0.496875 0.0234375 0.0234375
1 0.4609375 0.1421875 0.0234375 0.075
1 0.5546875 0.01875 0.028125 0.0359375
1 0.421875 0.11875 0.0484375 0.1296875
1 0.4359375 0.453125 0.028125 0.075
1 0.203125 0.0203125 0.0515625 0.040625
1 0.184375 0.346875 0.0390625 0.08125
1 0.4890625 0.2265625 0.0296875 0.084375
1 0.21875 0.365625 0.0328125 0.0734375
1 0.20625 0.4125 0.0359375 0.0921875
1 0.0078125 0.446875 0.015625 0.08125
1 0.4703125 0.375 0.0328125 0.0828125
1 0.475 0.075 0.065625 0.1
1 0.4015625 0.25 0.0203125 0.05
1 0.225 0.015625 0.0296875 0.03125
1 0.296875 0.459375 0.0296875 0.0984375
1 0.015625 0.4734375 0.0296875 0.071875
1 0.1375 0.0484375 0.0921875 0.096875
1 0.2703125 0.3484375 0.0546875 0.1546875
1 0.059375 0.48125 0.0640625 0.0546875
1 0.784375 0.2546875 0.43125 0.509375
1 0.40625 0.715625 0.3265625 0.4125