1 0.271875 0.140625 0.31796875 0.28046875
1 0.634375 0.140625 0.409375 0.28046875
1 0.1625 0.6875 0.0296875 0.08125
1 0.265625 0.9359375 0.0515625 0.128125
1 0.0140625 0.6546875 0.028125 0.115625
1 0.00625 0.59375 0.0125 0.0609375
1 0.421875 0.6375 0.0171875 0.075
1 0.1828125 0.834375 0.0375 0.1140625
1 0.2484375 0.609375 0.0171875 0.0390625
1 0.0328125 0.8453125 0.04375 0.13125
1 0.0640625 0.90546875 0.065625 0.1890625
1 0.309375 0.696875 0.01953125 0.04921875
1 0.2953125 0.73125 0.021875 0.053125
1 0.403125 0.615625 0.01875 0.04921875
1 0.1375 0.765625 0.028125 0.06796875
1 0.375 0.615625 0.01875 0.0484375
1 0.00625 0.6734375 0.01171875 0.0625
1 0.1765625 0.94609375 0.084375 0.1078125
1 0.415625 0.8875 0.0265625 0.171875
1 0.31875 0.9609375 0.03671875 0.065625
1 0.303125 0.803125 0.0421875 0.0921875
1 0.221875 0.75 0.04375 0.140625
1 0.1 0.796875 0.04375 0.09375
1 0.009375 0.8 0.0171875 0.15625
1 0.128125 0.6296875 0.034375 0.14375
1 0.0125 0.678125 0.0234375 0.1390625
1 0.0109375 0.609375 0.021875 0.14453125
1 0.00625 0.60625 0.0125 0.115625
1 0.328125 0.5625 0.025 0.075
1 0.2875 0.68125 0.0234375 0.059375
1 0.35625 0.796875 0.02421875 0.075
1 0.346875 0.8640625 0.03203125 0.059375
1 0.30625 0.8875 0.0234375 0.0734375
1 0.4 0.8328125 0.03125 0.09609375
1 0.25 0.8421875 0.06875 0.0890625
1 0.1375 0.8875 0.04296875 0.071875
1 0.0875 0.5484375 0.0265625 0.0625
1 0.2734375 0.603125 0.015625 0.04375
1 0.35 0.91875 0.0375 0.08046875
1 0.00625 0.6296875 0.0125 0.071875
1 0.0328125 0.7265625 0.0203125 0.0390625
1 0.040625 0.565625 0.02578125 0.075
1 0.596875 0.6640625 0.046875 0.07734375
1 0.5984375 0.96875 0.053125 0.06171875
1 0.528125 0.628125 0.05625 0.08046875
1 0.6078125 0.8390625 0.04375 0.07109375
1 0.465625 0.8828125 0.05 0.06484375
1 0.5328125 0.55625 0.040625 0.065625
1 0.975 0.63125 0.03125 0.065625
1 0.590625 0.559375 0.040625 0.0890625
1 0.6046875 0.7375 0.05 0.08671875
1 0.896875 0.54375 0.03671875 0.065625
1 0.440625 0.796875 0.01953125 0.065625
1 0.6375 0.6375 0.0375 0.07421875
1 0.95859375 0.95859375 0.0421875 0.0828125
1 0.9296875 0.490625 0.0328125 0.0671875
1 0.44375 0.734375 0.02578125 0.075
1 0.971875 0.7875 0.0375 0.065625
1 0.6296875 0.5265625 0.0390625 0.08125
1 0.53125 0.86875 0.05625 0.0859375
1 0.99609375 0.68671875 0.0078125 0.0734375
1 0.56875 0.33125 0.02578125 0.05546875
1 0.653125 0.465625 0.0328125 0.0828125
1 0.871875 0.771875 0.0390625 0.084375
1 0.509375 0.7 0.0515625 0.0859375
1 0.9390625 0.5578125 0.03515625 0.07109375
1 0.446875 0.671875 0.0359375 0.0609375
1 0.9375 0.8 0.034375 0.07421875
1 0.559375 0.815625 0.0453125 0.071875
1 0.90625 0.95625 0.0359375 0.0859375
1 0.678125 0.68125 0.03671875 0.06796875
1 0.9 0.6203125 0.0328125 0.078125
1 0.95625 0.89375 0.0359375 0.0765625
1 0.990625 0.96875 0.01875 0.0625
1 0.6671875 0.5296875 0.02734375 0.071875
1 0.5125 0.95625 0.05078125 0.08671875
1 0.553125 0.509375 0.028125 0.0609375
1 0.4375 0.571875 0.01796875 0.0625
1 0.4390625 0.646875 0.01875 0.0609375
1 0.825 0.73125 0.040625 0.08046875
1 0.64375 0.709375 0.0328125 0.08125
1 0.90625 0.86875 0.04375 0.0796875
1 0.98359375 0.73984375 0.0328125 0.0703125
1 0.590625 0.478125 0.03125 0.071875
1 0.559375 0.4390625 0.025 0.06484375