1 0.546875 0.015625 0.05 0.03125
1 0.984375 0.03125 0.03125 0.0609375
1 0.19375 0.2 0.3328125 0.4
1 0.30625 0.2 0.10703125 0.4
1 0.325 0.2140625 0.071875 0.371875
1 0.334375 0.2 0.05078125 0.39921875
1 0.828125 0.565625 0.21953125 0.33125
1 0.6671875 0.5078125 0.090625 0.215625
1 0.48125 0.6421875 0.08203125 0.22734375
1 0.559375 0.528125 0.0875 0.13046875
1 0.596875 0.6 0.090625 0.1296875
1 0.378125 0.640625 0.0359375 0.2390625
1 0.4265625 0.640625 0.05625 0.23125
1 0.9203125 0.4578125 0.08125 0.115625
1 0.5625 0.565625 0.103125 0.1484375
1 0.975 0.58125 0.0484375 0.3625
1 0.3875 0.4578125 0.0515625 0.115625
1 0.9578125 0.578125 0.084375 0.35546875
1 0.2109375 0.81875 0.059375 0.16328125
1 0.259375 0.8375 0.04296875 0.146875
1 0.309375 0.83125 0.05703125 0.13125
1 0.35 0.8125 0.021875 0.13046875
1 0.25 0.434375 0.065625 0.06796875
1 0.3125 0.4375 0.0453125 0.075
1 0.35 0.425 0.021875 0.05078125
1 0.346875 0.4375 0.0265625 0.0734375
1 0.3453125 0.43125 0.03125 0.06328125
1 0.35 0.421875 0.02421875 0.04375
1 0.35 0.4234375 0.01953125 0.046875
1 0.34375 0.471875 0.0328125 0.14375
1 0.35 0.5671875 0.01953125 0.159375
1 0.346875 0.5015625 0.02578125 0.146875
1 0.353125 0.58125 0.015625 0.1390625
1 0.34375 0.578125 0.0328125 0.1640625
1 0.353125 0.6828125 0.0171875 0.075
1 0.35 0.75625 0.0234375 0.1703125
1 0.3484375 0.6734375 0.025 0.090625
1 0.35 0.7375 0.02421875 0.11796875
1 0.3515625 0.75 0.01875 0.08828125
1 0.353125 0.79375 0.015625 0.08046875
1 0.3515625 0.85 0.01875 0.0796875
1 0.3515625 0.9421875 0.01875 0.096875
1 0.353125 0.940625 0.015625 0.075
1 0.353125 0.915625 0.015625 0.0796875
1 0.353125 0.925 0.01328125 0.078125
1 0.353125 0.98125 0.0140625 0.0375
1 0.353125 0.984375 0.0171875 0.03125
1 0.3453125 0.484375 0.03125 0.16875
1 0.3484375 0.521875 0.025 0.1234375
1 0.346875 0.665625 0.03046875 0.16796875
1 0.3515625 0.75 0.01875 0.1109375
1 0.34375 0.6859375 0.034375 0.159375
1 0.3453125 0.6375 0.03125 0.2265625
1 0.259375 0.496875 0.0359375 0.090625
1 0.02578125 0.42734375 0.0515625 0.0578125
1 0.0578125 0.5125 0.046875 0.1515625
1 0.19375 0.546875 0.065625 0.221875
1 0.1203125 0.528125 0.0671875 0.1875
1 0.1203125 0.425 0.03125 0.0515625
1 0.071875 0.665625 0.059375 0.15
1 0.140625 0.6984375 0.059375 0.1734375
1 0.1953125 0.675 0.0546875 0.140625
1 0.2484375 0.640625 0.04765625 0.18828125
1 0.2875 0.6625 0.03828125 0.209375
1 0.10625 0.76875 0.0390625 0.1125
1 0.021875 0.709375 0.04375 0.1734375
1 0.125 0.9078125 0.0484375 0.184375
1 0.06953125 0.90859375 0.0515625 0.1828125
1 0.18125 0.9203125 0.0421875 0.1328125
1 0.225 0.93125 0.0390625 0.109375
1 0.353125 0.859375 0.015625 0.0921875
1 0.35 0.7875 0.021875 0.0890625
1 0.353125 0.8515625 0.0140625 0.075
1 0.3546875 0.8625 0.0125 0.09921875
1 0.353125 0.878125 0.01328125 0.10625
1 0.35 0.90625 0.021875 0.103125
1 0.353125 0.846875 0.0171875 0.1171875
1 0.3453125 0.85625 0.03125 0.1640625
1 0.3515625 0.8265625 0.01875 0.075
1 0.3546875 0.8703125 0.0125 0.075
1 0.35625 0.8625 0.0109375 0.0609375
1 0.35 0.8125 0.0203125 0.1109375
1 0.353125 0.925 0.0140625 0.090625
1 0.3515625 0.965625 0.01875 0.06875
1 0.353125 0.971875 0.0171875 0.0546875
1 0.346875 0.95625 0.0265625 0.0859375
1 0.353125 0.96875 0.015625 0.06171875
1 0.2625 0.96875 0.0296875 0.0625
1 0.3125 0.925 0.04296875 0.078125
1 0.353125 0.9375 0.01328125 0.07421875
1 0.353125 0.928125 0.0140625 0.0859375
1 0.3546875 0.98125 0.0125 0.03671875
1 0.353125 0.975 0.015625 0.0484375
1 0.35625 0.978125 0.01171875 0.04375
1 0.35390625 0.98046875 0.0140625 0.0390625
1 0.33125 0.9765625 0.04375 0.046875
1 0.303125 0.98125 0.0421875 0.0375