1 0.9484375 0.115625 0.103125 0.23125
1 0.934375 0.1171875 0.13046875 0.234375
1 0.7828125 0.1140625 0.1375 0.228125
1 0.528125 0.115625 0.05625 0.2296875
1 0.6328125 0.1125 0.121875 0.225
1 0.971875 0.1125 0.05625 0.2234375
1 0.3625 0.140625 0.2734375 0.2796875
1 0.9234375 0.559375 0.153125 0.5609375
1 0.58125 0.725 0.16171875 0.5
1 0.7125 0.88125 0.10078125 0.23671875
1 0.7703125 0.509375 0.225 0.25
1 0.534375 0.4328125 0.0671875 0.096875
1 0.865625 0.825 0.225 0.34453125
1 0.2796875 0.63984375 0.440625 0.7203125