1 0.9390625 0.246875 0.121875 0.325
1 0.103125 0.109375 0.03125 0.08125
1 0.01328125 0.38046875 0.0265625 0.1734375
1 0.5015625 0.078125 0.0578125 0.115625
1 0.484375 0.025 0.028125 0.04921875
1 0.084375 0.259375 0.0375 0.115625
1 0.01875 0.0328125 0.01796875 0.03984375
1 0.234375 0.26875 0.04375 0.13125
1 0.203125 0.365625 0.065625 0.2609375
1 0.1296875 0.1875 0.028125 0.06796875
1 0.4015625 0.096875 0.021875 0.0625
1 0.090625 0.4359375 0.0859375 0.240625
1 0.1703125 0.5328125 0.090625 0.09375
1 0.03828125 0.53046875 0.0765625 0.0984375
1 0.046875 0.171875 0.04375 0.140625
1 0.165625 0.21875 0.04375 0.09375
1 0.2828125 0.2234375 0.034375 0.15625
1 0.140625 0.0625 0.0328125 0.1234375
1 0.4484375 0.54375 0.065625 0.07421875
1 0.428125 0.103125 0.05 0.1390625
1 0.553125 0.053125 0.034375 0.10625
1 0.5625 0.04375 0.01328125 0.0875
1 0.02578125 0.26484375 0.0515625 0.0890625
1 0.128125 0.3125 0.04296875 0.071875
1 0.178125 0.015625 0.02578125 0.03125
1 0.315625 0.053125 0.0296875 0.071875
1 0.234375 0.15 0.01953125 0.03828125
1 0.228125 0.01875 0.025 0.0359375
1 0.78515625 0.78984375 0.4296875 0.4203125
1 0.18828125 0.79609375 0.2734375 0.4078125