1 0.2203125 0.0484375 0.053125 0.096875
1 0.21875 0.1421875 0.034375 0.09140625
1 0.146875 0.453125 0.04296875 0.103125
1 0.1828125 0.234375 0.06015625 0.153125
1 0.16875 0.090625 0.046875 0.1421875
1 0.315625 0.0375 0.0375 0.0734375
1 0.26875 0.13125 0.04453125 0.125
1 0.278125 0.04375 0.0359375 0.0875
1 0.21875 0.34375 0.0453125 0.1078125
1 0.2671875 0.025 0.034375 0.0484375
1 0.2875 0.390625 0.0515625 0.1015625
1 0.409375 0.046875 0.05078125 0.09296875
1 0.3625 0.103125 0.046875 0.09296875
1 0.1203125 0.0703125 0.046875 0.13515625
1 0.3625 0.01875 0.040625 0.0359375
1 0.340625 0.028125 0.02578125 0.05625
1 0.175 0.5765625 0.0625 0.125
1 0.053125 0.35 0.08125 0.17578125
1 0.025 0.215625 0.05 0.1265625
1 0.034375 0.5296875 0.0671875 0.1125
1 0.4671875 0.19375 0.084375 0.16953125
1 0.3390625 0.20625 0.0765625 0.1234375
1 0.36875 0.35 0.06796875 0.12421875
1 0.5171875 0.296875 0.025 0.1234375
1 0.459375 0.465625 0.09375 0.1
1 0.0234375 0.353125 0.046875 0.17421875
1 0.0328125 0.0796875 0.065625 0.159375
1 0.065625 0.06875 0.05625 0.1375
1 0.028125 0.1671875 0.05625 0.159375
1 0.025 0.2703125 0.0484375 0.121875
1 0.04375 0.371875 0.0875 0.11796875
1 0.075 0.615625 0.053125 0.0484375
1 0.2625 0.596875 0.04453125 0.08671875
1 0.2203125 0.6125 0.04375 0.0515625
1 0.465625 0.05625 0.053125 0.09375
1 0.109375 0.215625 0.0421875 0.1078125
1 0.778125 0.3375 0.4421875 0.6015625
1 0.071875 0.81875 0.14375 0.3609375
1 0.3484375 0.81875 0.3625 0.3609375
1 0.7859375 0.81875 0.428125 0.3609375
1 0.571875 0.809375 0.0859375 0.3234375