1 0.2625 0.2296875 0.4328125 0.459375
1 0.73984375 0.2296875 0.5203125 0.459375
1 0.51875 0.234375 0.0765625 0.45
1 0.3375 0.9140625 0.1265625 0.13125
1 0.375 0.79375 0.1109375 0.096875
1 0.459375 0.8125 0.0421875 0.071875
1 0.034375 0.9671875 0.06875 0.065625
1 0.0328125 0.8765625 0.065625 0.171875
1 0.203125 0.95 0.11875 0.0984375
1 0.21875 0.7546875 0.0796875 0.0625
1 0.1625 0.796875 0.09375 0.1125
1 0.2875 0.853125 0.05 0.1046875
1 0.0234375 0.9109375 0.046875 0.16875
1 0.09375 0.909375 0.13125 0.171875
1 0.0328125 0.778125 0.065625 0.0953125
1 0.021875 0.7578125 0.04375 0.0625
1 0.309375 0.69375 0.06875 0.0640625
1 0.3296875 0.621875 0.053125 0.05
1 0.684375 0.5359375 0.3484375 0.153125