1 0.64375 0.309375 0.24921875 0.146875
1 0.859375 0.278125 0.28125 0.321875
1 0.4875 0.0375 0.04296875 0.075
1 0.01328125 0.02421875 0.0265625 0.0484375
1 0.184375 0.028125 0.0359375 0.05625
1 0.446875 0.128125 0.040625 0.11875
1 0.0078125 0.0375 0.015625 0.0734375
1 0.4453125 0.034375 0.03125 0.06796875
1 0.2078125 0.159375 0.0296875 0.0953125
1 0.178125 0.021875 0.0265625 0.04375
1 0.453125 0.2625 0.0484375 0.153125
1 0.509375 0.021875 0.01953125 0.04296875
1 0.490625 0.090625 0.028125 0.1125
1 0.165625 0.1625 0.0203125 0.0578125
1 0.084375 0.0359375 0.03203125 0.071875
1 0.21875 0.015625 0.03125 0.03046875
1 0.253125 0.025 0.0234375 0.05
1 0.1359375 0.040625 0.040625 0.08125
1 0.053125 0.03125 0.03828125 0.0625
1 0.509375 0.165625 0.0234375 0.1828125
1 0.39375 0.0375 0.03203125 0.07421875
1 0.20625 0.0765625 0.034375 0.14375
1 0.515625 0.040625 0.0109375 0.0796875
1 0.2171875 0.0296875 0.03125 0.059375
1 0.296875 0.034375 0.0515625 0.06875
1 0.05 0.0375 0.03671875 0.07421875
1 0.38125 0.021875 0.03046875 0.04375
1 0.1875 0.0328125 0.03671875 0.065625
1 0.378125 0.0359375 0.034375 0.071875
1 0.215625 0.025 0.02578125 0.05
1 0.01328125 0.0328125 0.0265625 0.065625
1 0.0234375 0.41875 0.046875 0.1625
1 0.221875 0.4484375 0.0515625 0.103125
1 0.3046875 0.115625 0.03515625 0.115625
1 0.36875 0.275 0.0609375 0.196875
1 0.2953125 0.465625 0.03125 0.06875
1 0.36875 0.428125 0.040625 0.14375
1 0.14375 0.290625 0.0671875 0.26875
1 0.09375 0.30625 0.053125 0.359375
1 0.05 0.3484375 0.0375 0.190625
1 0.00625 0.1875 0.0109375 0.234375
1 0.0421875 0.1234375 0.05625 0.246875
1 0.128125 0.08125 0.03203125 0.1375
1 0.0953125 0.065625 0.046875 0.13125
1 0.159375 0.071875 0.03671875 0.14375
1 0.10625 0.021875 0.025 0.04375
1 0.0828125 0.0328125 0.028125 0.065625
1 0.3640625 0.0515625 0.04375 0.103125
1 0.321875 0.046875 0.034375 0.09375
1 0.2921875 0.040625 0.028125 0.08046875
1 0.415625 0.034375 0.03671875 0.06796875
1 0.453125 0.0375 0.02578125 0.075
1 0.4453125 0.0234375 0.021875 0.046875
1 0.484375 0.028125 0.0234375 0.0546875
1 0.7453125 0.6625 0.309375 0.32421875
1 0.146875 0.625 0.265625 0.25