1 0.2625 0.309375 0.3359375 0.2390625
1 0.475 0.0875 0.0671875 0.1453125
1 0.45 0.3046875 0.040625 0.178125
1 0.4453125 0.0421875 0.03125 0.084375
1 0.653125 0.040625 0.0484375 0.0796875
1 0.44375 0.159375 0.0265625 0.1203125
1 0.625 0.3796875 0.0359375 0.1
1 0.4953125 0.021875 0.028125 0.0421875
1 0.675 0.3859375 0.0546875 0.0875
1 0.45625 0.065625 0.0515625 0.13125
1 0.9328125 0.0375 0.05 0.075
1 0.7125 0.275 0.0390625 0.103125
1 0.45 0.3984375 0.0390625 0.0625
1 0.9015625 0.03125 0.040625 0.0609375
1 0.55 0.1875 0.05625 0.134375
1 0.9453125 0.0484375 0.0625 0.096875
1 0.9328125 0.028125 0.040625 0.05625
1 0.728125 0.0375 0.05625 0.0734375
1 0.446875 0.075 0.034375 0.15
1 0.940625 0.025 0.0359375 0.05
1 0.571875 0.3609375 0.0390625 0.0921875
1 0.971875 0.021875 0.0296875 0.04375
1 0.525 0.3078125 0.0375 0.11875
1 0.8875 0.046875 0.059375 0.0921875
1 0.5546875 0.4109375 0.046875 0.0375
1 0.853125 0.0375 0.05625 0.075
1 0.85 0.040625 0.0578125 0.08125
1 0.440625 0.284375 0.0203125 0.1203125
1 0.44375 0.06875 0.0296875 0.1375
1 0.4921875 0.25 0.0640625 0.190625
1 0.796875 0.0265625 0.0421875 0.053125
1 0.75625 0.021875 0.028125 0.0421875
1 0.59375 0.0359375 0.0609375 0.071875
1 0.6703125 0.20625 0.0609375 0.121875
1 0.78125 0.028125 0.040625 0.05625
1 0.978125 0.35625 0.04375 0.146875
1 0.98984375 0.06484375 0.0203125 0.1296875
1 0.98125 0.1125 0.0375 0.15625
1 0.9125 0.28125 0.05 0.14375
1 0.846875 0.325 0.028125 0.078125
1 0.8703125 0.38125 0.05625 0.0984375
1 0.79375 0.3953125 0.040625 0.06875
1 0.8234375 0.384375 0.03125 0.0890625
1 0.84375 0.21875 0.0625 0.153125
1 0.8765625 0.1 0.059375 0.2
1 0.9375 0.153125 0.05 0.16875
1 0.815625 0.05625 0.0375 0.1109375
1 0.7625 0.328125 0.0609375 0.171875
1 0.728125 0.1078125 0.0609375 0.16875
1 0.78125 0.109375 0.04375 0.1828125
1 0.58125 0.0875 0.0515625 0.16875
1 0.509375 0.0328125 0.0515625 0.065625
1 0.559375 0.03125 0.0390625 0.0625
1 0.4375 0.0625 0.0171875 0.1109375
1 0.628125 0.04375 0.0546875 0.0875
1 0.571875 0.053125 0.04375 0.10625
1 0.6921875 0.0296875 0.0375 0.059375
1 0.68125 0.0359375 0.04375 0.071875
1 0.828125 0.03125 0.0421875 0.0625
1 0.721875 0.028125 0.0515625 0.05625
1 0.671875 0.10625 0.0390625 0.0921875
1 0.7375 0.03125 0.034375 0.0625
1 0.98046875 0.03984375 0.0390625 0.0796875
1 0.553125 0.040625 0.075 0.08125
1 0.19375 0.925 0.3875 0.15
1 0.1109375 0.5875 0.221875 0.3140625
1 0.1140625 0.8859375 0.228125 0.228125
1 0.2140625 0.5953125 0.428125 0.33125
1 0.6625 0.63125 0.4125 0.4015625
1 0.89296875 0.553125 0.2140625 0.246875