1 0.465625 0.1796875 0.509375 0.359375
1 0.978125 0.278125 0.03125 0.103125
1 0.8671875 0.30625 0.034375 0.10625
1 0.815625 0.296875 0.053125 0.1234375
1 0.7375 0.178125 0.01796875 0.18046875
1 0.75 0.321875 0.04296875 0.07421875
1 0.74375 0.2328125 0.028125 0.125
1 0.7703125 0.115625 0.0359375 0.140625
1 0.8015625 0.0140625 0.05625 0.028125
1 0.9140625 0.125 0.171875 0.25
1 0.365625 0.6796875 0.73046875 0.640625
1 0.978125 0.94375 0.0421875 0.1125
1 0.959375 0.625 0.034375 0.1375
1 0.740625 0.953125 0.0203125 0.09375
1 0.7421875 0.921875 0.025 0.15625
1 0.7375 0.853125 0.0140625 0.1296875
1 0.73984375 0.91796875 0.0203125 0.1640625
1 0.884375 0.896875 0.03203125 0.16875
1 0.8671875 0.765625 0.03984375 0.10078125
1 0.890625 0.734375 0.02578125 0.1
1 0.925 0.84375 0.028125 0.13828125
1 0.8 0.6453125 0.0359375 0.1515625
1 0.7390625 0.8125 0.01875 0.1703125
1 0.7375 0.803125 0.015625 0.13203125
1 0.7375 0.765625 0.015625 0.134375
1 0.7390625 0.8 0.01875 0.15625
1 0.7375 0.703125 0.0140625 0.1109375
1 0.740625 0.9359375 0.0203125 0.128125
1 0.7375 0.953125 0.015625 0.0921875
1 0.7375 0.903125 0.015625 0.121875
1 0.7390625 0.96875 0.01875 0.0625
1 0.734375 0.628125 0.0109375 0.15
1 0.7359375 0.703125 0.0125 0.1015625
1 0.740625 0.7984375 0.0203125 0.1375
1 0.74375 0.8296875 0.0296875 0.184375
1 0.734375 0.609375 0.0078125 0.125
1 0.7359375 0.8859375 0.0125 0.228125
1 0.8140625 0.915625 0.028125 0.1671875
1 0.83984375 0.96796875 0.0359375 0.0640625
1 0.84375 0.5359375 0.03125 0.203125
1 0.740625 0.815625 0.021875 0.153125
1 0.7375 0.909375 0.0171875 0.1796875
1 0.734375 0.503125 0.009375 0.115625
1 0.74375 0.9375 0.02578125 0.12421875
1 0.7390625 0.45625 0.01875 0.1328125
1 0.91875 0.509375 0.0234375 0.10625
1 0.7390625 0.55625 0.01875 0.1265625