1 0.6375 0.196875 0.0828125 0.2609375
1 0.125 0.2890625 0.2484375 0.521875
1 0.5359375 0.36875 0.21484375 0.27421875
1 0.3875 0.3328125 0.18671875 0.259375
1 0.69375 0.440625 0.0265625 0.2109375
1 0.690625 0.415625 0.01953125 0.18046875
1 0.690625 0.2484375 0.0234375 0.159375
1 0.6890625 0.309375 0.01875 0.30078125
1 0.6875 0.30625 0.01796875 0.153125
1 0.69375 0.3375 0.02578125 0.175
1 0.6859375 0.2375 0.0125 0.0859375
1 0.696875 0.2375 0.0328125 0.2203125
1 0.690625 0.184375 0.021875 0.1625
1 0.6875 0.121875 0.015625 0.0859375
1 0.6875 0.5125 0.01796875 0.07421875
1 0.6875 0.49375 0.015625 0.1125
1 0.6875 0.4734375 0.015625 0.1375
1 0.740625 0.46875 0.0703125 0.1609375
1 0.8625 0.4265625 0.05625 0.209375
1 0.784375 0.3546875 0.059375 0.15625
1 0.9 0.4875 0.05078125 0.125
1 0.9703125 0.478125 0.059375 0.14375
1 0.846875 0.253125 0.0484375 0.2046875
1 0.90625 0.2375 0.0609375 0.3203125
1 0.959375 0.0375 0.0625 0.075
1 0.775 0.109375 0.03828125 0.11796875
1 0.796875 0.034375 0.03828125 0.06796875
1 0.759375 0.028125 0.0359375 0.0546875
1 0.696875 0.215625 0.0265625 0.15625
1 0.690625 0.346875 0.021875 0.2765625
1 0.7015625 0.3875 0.04375 0.184375
1 0.6890625 0.340625 0.01875 0.171875
1 0.690625 0.496875 0.021875 0.10546875
1 0.78125 0.225 0.059375 0.140625
1 0.728125 0.2296875 0.046875 0.203125
1 0.6875 0.30625 0.015625 0.134375
1 0.6890625 0.190625 0.01875 0.14296875
1 0.6875 0.278125 0.0171875 0.134375
1 0.7 0.078125 0.028125 0.10625
1 0.7171875 0.034375 0.028125 0.06875
1 0.6890625 0.0375 0.01875 0.075
1 0.7203125 0.0359375 0.034375 0.071875
1 0.6875 0.025 0.01796875 0.05
1 0.6875 0.1 0.01328125 0.08671875
1 0.6875 0.18125 0.0140625 0.1140625
1 0.6859375 0.028125 0.0125 0.05625
1 0.9125 0.0265625 0.0296875 0.053125
1 0.984375 0.0203125 0.01953125 0.040625
1 0.6875 0.1671875 0.01796875 0.134375
1 0.684375 0.059375 0.0109375 0.0640625
1 0.6875 0.05 0.0140625 0.090625
1 0.6875 0.14375 0.015625 0.1359375
1 0.690625 0.4671875 0.0234375 0.165625
1 0.6875 0.4859375 0.015625 0.128125
1 0.690625 0.03125 0.01953125 0.06171875
1 0.90625 0.0265625 0.01953125 0.053125
1 0.865625 0.01875 0.021875 0.0375
1 0.515625 0.9546875 0.11796875 0.090625
1 0.7125 0.6203125 0.0671875 0.140625
1 0.825 0.775 0.290625 0.45