1 0.084375 0.11875 0.084375 0.2375
1 0.403125 0.059375 0.053125 0.11875
1 0.3046875 0.059375 0.075 0.11796875
1 0.025 0.1171875 0.0484375 0.234375
1 0.01875 0.0953125 0.0359375 0.190625
1 0.01875 0.115625 0.0375 0.23125
1 0.2203125 0.053125 0.053125 0.10625
1 0.16875 0.065625 0.04296875 0.13125
1 0.13125 0.03125 0.03203125 0.0625
1 0.178125 0.028125 0.0265625 0.0546875
1 0.225 0.046875 0.0484375 0.0921875
1 0.596875 0.11875 0.334375 0.2375
1 0.109375 0.578125 0.21875 0.6765625
1 0.2140625 0.590625 0.29375 0.70078125
1 0.5203125 0.63046875 0.18125 0.7390625
1 0.7015625 0.61875 0.40625 0.76171875
1 0.9625 0.425 0.07421875 0.18671875
1 0.45625 0.41875 0.0515625 0.128125