1 0.353125 0.21875 0.49296875 0.4375
1 0.76875 0.2578125 0.20703125 0.3625
1 0.953125 0.246875 0.0921875 0.3828125
1 0.6375 0.2890625 0.0765625 0.190625
1 0.6375 0.2625 0.0734375 0.1984375
1 0.2390625 0.71875 0.478125 0.56171875
1 0.5375 0.475 0.1 0.0734375
1 0.671875 0.625 0.1421875 0.3703125
1 0.6421875 0.61875 0.084375 0.359375
1 0.659375 0.6265625 0.11875 0.375
1 0.828125 0.6296875 0.146875 0.38125
1 0.97109375 0.62734375 0.0578125 0.3796875
1 0.659375 0.946875 0.11953125 0.10625
1 0.825 0.94375 0.1546875 0.1125