1 0.209375 0.31875 0.41875 0.6375
1 0.8859375 0.4890625 0.228125 0.3
1 0.9390625 0.178125 0.121875 0.20703125
1 0.659375 0.2734375 0.37578125 0.37890625
1 0.340625 0.728125 0.0921875 0.1796875
1 0.153125 0.8453125 0.0828125 0.2265625
1 0.2328125 0.73125 0.0875 0.1296875
1 0.271875 0.803125 0.090625 0.1296875
1 0.034375 0.84375 0.06875 0.2390625
1 0.1 0.84375 0.05625 0.23125
1 0.2375 0.76875 0.103125 0.1484375
1 0.04375 0.678125 0.08203125 0.08046875
1 0.025 0.803125 0.05 0.3046875
1 0.85 0.696875 0.29921875 0.11328125
1 0.85234375 0.89609375 0.2953125 0.2078125