1 0.35 0.503125 0.06875 0.2265625
1 0.41875 0.54375 0.0546875 0.21875
1 0.2828125 0.534375 0.0453125 0.2234375
1 0.69375 0.4765625 0.04375 0.1515625
1 0.5890625 0.4671875 0.0390625 0.171875
1 0.621875 0.503125 0.034375 0.1234375
1 0.0703125 0.475 0.040625 0.1140625
1 0.11875 0.478125 0.0359375 0.10625
1 0.153125 0.4640625 0.0375 0.1328125
1 0.1859375 0.4828125 0.0484375 0.125
1 0.4828125 0.45625 0.065625 0.178125
1 0.540625 0.471875 0.059375 0.159375
1 0.684375 0.434375 0.0671875 0.2
1 0.8 0.434375 0.05625 0.15625
1 0.859375 0.4234375 0.046875 0.203125
1 0.875 0.3296875 0.025 0.046875
1 0.9265625 0.4171875 0.065625 0.196875
1 0.746875 0.43125 0.05625 0.178125
1 0.0203125 0.434375 0.040625 0.115625
1 0.05 0.353125 0.0421875 0.1265625
1 0.1109375 0.33125 0.0203125 0.0609375
1 0.153125 0.365625 0.053125 0.0890625
1 0.20625 0.334375 0.0421875 0.10625
1 0.2421875 0.440625 0.04375 0.1578125
1 0.3875 0.390625 0.0515625 0.0859375