1 0.278125 0.14375 0.06875 0.2265625
1 0.209375 0.10625 0.0546875 0.2109375
1 0.3453125 0.1125 0.04375 0.2234375
1 0.0109375 0.16875 0.021875 0.1515625
1 0.0390625 0.1796875 0.0390625 0.171875
1 0.0125 0.14375 0.0234375 0.1234375
1 0.553125 0.171875 0.03125 0.1140625
1 0.509375 0.16875 0.0359375 0.1078125
1 0.475 0.1828125 0.0375 0.1328125
1 0.4421875 0.1640625 0.05 0.125
1 0.1453125 0.190625 0.065625 0.178125
1 0.0875 0.175 0.059375 0.159375
1 0.0171875 0.2125 0.034375 0.2
1 0.0140625 0.2125 0.028125 0.1578125
1 0.0125 0.2234375 0.0234375 0.203125
1 0.00625 0.3171875 0.0125 0.046875
1 0.015625 0.2296875 0.03125 0.196875
1 0.0140625 0.215625 0.028125 0.1765625
1 0.5625 0.29375 0.0125 0.1265625
1 0.5171875 0.315625 0.0203125 0.0609375
1 0.475 0.28125 0.053125 0.0890625
1 0.421875 0.3125 0.0421875 0.10625
1 0.3859375 0.20625 0.04375 0.1578125
1 0.240625 0.25625 0.0515625 0.0859375
1 0.9515625 0.1796875 0.096875 0.221875
1 0.084375 0.65625 0.046875 0.0765625
1 0.5625 0.8609375 0.0140625 0.071875
1 0.0875 0.965625 0.053125 0.06875
1 0.021875 0.61875 0.04375 0.0796875
1 0.096875 0.83125 0.04375 0.0703125
1 0.0125 0.875 0.025 0.0640625
1 0.021875 0.55 0.040625 0.065625
1 0.465625 0.6234375 0.03125 0.065625
1 0.078125 0.553125 0.040625 0.0890625
1 0.09375 0.728125 0.05 0.0859375
1 0.3875 0.5375 0.0359375 0.065625
1 0.009375 0.7890625 0.01875 0.065625
1 0.125 0.6296875 0.0375 0.0734375
1 0.55625 0.96875 0.0265625 0.0609375
1 0.45 0.9546875 0.0421875 0.090625
1 0.41875 0.49375 0.0328125 0.0484375
1 0.009375 0.7265625 0.01875 0.075
1 0.4609375 0.78125 0.0375 0.065625
1 0.11875 0.51875 0.0390625 0.08125
1 0.025 0.8625 0.0484375 0.0859375
1 0.5 0.678125 0.0359375 0.0734375
1 0.05625 0.48125 0.0265625 0.0265625
1 0.14375 0.4890625 0.0328125 0.040625
1 0.3625 0.7640625 0.0390625 0.084375
1 0.0125 0.690625 0.025 0.0859375
1 0.428125 0.55 0.0359375 0.0703125
1 0.0125 0.665625 0.0234375 0.0609375
1 0.428125 0.79375 0.034375 0.0734375
1 0.0484375 0.80625 0.0453125 0.071875
1 0.565625 0.6828125 0.0078125 0.078125
1 0.50625 0.915625 0.05 0.071875
1 0.396875 0.95 0.0359375 0.0890625
1 0.16875 0.675 0.0359375 0.0671875
1 0.3875 0.6125 0.0328125 0.078125
1 0.4453125 0.884375 0.0359375 0.0765625
1 0.49609375 0.96484375 0.0546875 0.0703125
1 0.15625 0.521875 0.0265625 0.071875
1 0.5171875 0.55 0.0421875 0.075
1 0.0125 0.953125 0.025 0.09375
1 0.040625 0.503125 0.028125 0.0609375
1 0.00625 0.5640625 0.0125 0.0625
1 0.5125 0.7515625 0.0375 0.0703125
1 0.009375 0.640625 0.01875 0.0609375
1 0.3140625 0.721875 0.040625 0.0796875
1 0.134375 0.7 0.0328125 0.08125
1 0.39375 0.8609375 0.04375 0.0796875
1 0.475 0.734375 0.0359375 0.0703125
1 0.553125 0.753125 0.0328125 0.0734375
1 0.521875 0.840625 0.0390625 0.0765625
1 0.078125 0.4875 0.03125 0.0359375
1 0.0484375 0.484375 0.025 0.03125
1 0.828125 0.8703125 0.0890625 0.259375
1 0.90625 0.896875 0.078125 0.20625
1 0.7203125 0.8546875 0.096875 0.290625
1 0.6265625 0.87109375 0.09375 0.2578125
1 0.5796875 0.88125 0.021875 0.2375
1 0.59296875 0.86171875 0.0484375 0.2765625
1 0.640625 0.734375 0.1453125 0.53125