1 0.721875 0.14375 0.06875 0.22578125
1 0.790625 0.10625 0.05546875 0.21171875
1 0.6546875 0.1125 0.04375 0.22421875
1 0.9890625 0.16875 0.021875 0.1515625
1 0.9609375 0.1796875 0.0390625 0.171875
1 0.9875 0.14375 0.0234375 0.1234375
1 0.446875 0.171875 0.03125 0.1140625
1 0.490625 0.16875 0.0359375 0.1078125
1 0.525 0.1828125 0.0375 0.1328125
1 0.5578125 0.1640625 0.05 0.125
1 0.8546875 0.190625 0.065625 0.178125
1 0.9125 0.175 0.059375 0.159375
1 0.9828125 0.2125 0.034375 0.2
1 0.9859375 0.2125 0.028125 0.15703125
1 0.9875 0.2234375 0.02421875 0.203125
1 0.99375 0.3171875 0.0125 0.046875
1 0.984375 0.2296875 0.03125 0.196875
1 0.9859375 0.215625 0.028125 0.1765625
1 0.4375 0.29375 0.0125 0.12578125
1 0.4828125 0.315625 0.0203125 0.0609375
1 0.525 0.28125 0.053125 0.08828125
1 0.578125 0.3125 0.0421875 0.10625
1 0.6140625 0.20625 0.04375 0.15703125
1 0.759375 0.25625 0.0515625 0.0859375
1 0.0484375 0.1796875 0.096875 0.221875
1 0.915625 0.65625 0.046875 0.0765625
1 0.4375 0.8609375 0.01328125 0.071875
1 0.9125 0.965625 0.053125 0.06875
1 0.978125 0.61875 0.04375 0.0796875
1 0.903125 0.83125 0.04375 0.06953125
1 0.9875 0.875 0.025 0.0640625
1 0.978125 0.55 0.040625 0.065625
1 0.534375 0.6234375 0.03125 0.065625
1 0.921875 0.553125 0.040625 0.08828125
1 0.90625 0.728125 0.05 0.0859375
1 0.6125 0.5375 0.0359375 0.065625
1 0.990625 0.7890625 0.01875 0.065625
1 0.875 0.6296875 0.0375 0.0734375
1 0.44375 0.96875 0.02578125 0.06171875
1 0.55 0.9546875 0.04296875 0.090625
1 0.58125 0.49375 0.03203125 0.04921875
1 0.990625 0.7265625 0.01875 0.075
1 0.5390625 0.78125 0.0375 0.065625
1 0.88125 0.51875 0.03828125 0.08125
1 0.975 0.8625 0.04921875 0.08671875
1 0.5 0.678125 0.03671875 0.07421875
1 0.94375 0.48125 0.02578125 0.02578125
1 0.85625 0.4890625 0.0328125 0.040625
1 0.6375 0.7640625 0.0390625 0.084375
1 0.9875 0.690625 0.025 0.08671875
1 0.571875 0.55 0.03671875 0.06953125
1 0.9875 0.665625 0.02421875 0.06171875
1 0.571875 0.79375 0.034375 0.07421875
1 0.9515625 0.80625 0.0453125 0.071875
1 0.434375 0.6828125 0.0078125 0.078125
1 0.49375 0.915625 0.05 0.071875
1 0.603125 0.95 0.03671875 0.08828125
1 0.83125 0.675 0.03671875 0.06796875
1 0.6125 0.6125 0.0328125 0.078125
1 0.5546875 0.884375 0.03515625 0.07578125
1 0.50390625 0.96484375 0.0546875 0.0703125
1 0.84375 0.521875 0.02578125 0.071875
1 0.4828125 0.55 0.0421875 0.075
1 0.9875 0.953125 0.025 0.09375
1 0.959375 0.503125 0.028125 0.0609375
1 0.99375 0.5640625 0.0125 0.0625
1 0.4875 0.7515625 0.0375 0.07109375
1 0.990625 0.640625 0.01875 0.06171875
1 0.6859375 0.721875 0.040625 0.0796875
1 0.865625 0.7 0.0328125 0.08125
1 0.60625 0.8609375 0.04375 0.07890625
1 0.525 0.734375 0.0359375 0.0703125
1 0.446875 0.753125 0.03203125 0.07421875
1 0.478125 0.840625 0.0390625 0.0765625
1 0.921875 0.4875 0.03125 0.03671875
1 0.9515625 0.484375 0.025 0.03125
1 0.171875 0.8703125 0.08828125 0.259375
1 0.09375 0.896875 0.078125 0.20625
1 0.2796875 0.8546875 0.096875 0.290625
1 0.3734375 0.87109375 0.09375 0.2578125
1 0.4203125 0.88125 0.021875 0.2375
1 0.40703125 0.86171875 0.0484375 0.2765625
1 0.359375 0.734375 0.14453125 0.53125