1 0.65 0.503125 0.06875 0.2265625
1 0.58125 0.54375 0.0546875 0.21875
1 0.7171875 0.534375 0.04609375 0.22421875
1 0.30625 0.4765625 0.04375 0.1515625
1 0.4109375 0.4671875 0.0390625 0.171875
1 0.378125 0.503125 0.034375 0.12421875
1 0.9296875 0.475 0.040625 0.11328125
1 0.88125 0.478125 0.0359375 0.10625
1 0.846875 0.4640625 0.0375 0.1328125
1 0.8140625 0.4828125 0.04765625 0.125
1 0.5171875 0.45625 0.065625 0.178125
1 0.459375 0.471875 0.059375 0.159375
1 0.315625 0.434375 0.06796875 0.2
1 0.2 0.434375 0.05625 0.15625
1 0.140625 0.4234375 0.046875 0.203125
1 0.125 0.3296875 0.025 0.046875
1 0.0734375 0.4171875 0.065625 0.196875
1 0.253125 0.43125 0.05625 0.178125
1 0.9796875 0.434375 0.040625 0.115625
1 0.95 0.353125 0.0421875 0.1265625
1 0.8890625 0.33125 0.02109375 0.06171875
1 0.846875 0.365625 0.053125 0.0890625
1 0.79375 0.334375 0.04296875 0.10625
1 0.7578125 0.440625 0.04375 0.1578125
1 0.6125 0.390625 0.05078125 0.08671875