1 0.1875 0.203125 0.36875 0.4046875
1 0.0328125 0.140625 0.065625 0.2015625
1 0.284375 0.175 0.140625 0.1125
1 0.625 0.121875 0.2296875 0.2421875
1 0.5703125 0.11875 0.121875 0.2078125
1 0.83125 0.10625 0.3375 0.21171875
1 0.490625 0.9296875 0.03671875 0.125
1 0.0109375 0.578125 0.021875 0.11328125
1 0.10625 0.5 0.04375 0.1234375
1 0.034375 0.65625 0.0296875 0.078125
1 0.2484375 0.4640625 0.034375 0.05
1 0.20625 0.4828125 0.03828125 0.08125
1 0.1921875 0.4703125 0.05 0.0625
1 0.090625 0.603125 0.046875 0.109375
1 0.240625 0.46875 0.0359375 0.0609375
1 0.2875 0.4625 0.0359375 0.0484375
1 0.140625 0.465625 0.0421875 0.0546875
1 0.0953125 0.46875 0.05 0.059375
1 0.171875 0.4625 0.0375 0.046875
1 0.0484375 0.465625 0.040625 0.053125
1 0.015625 0.4921875 0.03125 0.10625
1 0.0109375 0.490625 0.021875 0.103125
1 0.184375 0.53125 0.040625 0.0796875
1 0.046875 0.59375 0.09375 0.309375
1 0.0203125 0.50625 0.040625 0.1328125
1 0.015625 0.4875 0.03125 0.0953125
1 0.403125 0.71875 0.21171875 0.56171875
1 0.015625 0.9046875 0.0296875 0.18125
1 0.0125 0.803125 0.025 0.18046875
1 0.009375 0.834375 0.01875 0.14453125
1 0.865625 0.675 0.2671875 0.4703125