1 0.8125 0.203125 0.36875 0.40546875
1 0.9671875 0.140625 0.065625 0.2015625
1 0.715625 0.175 0.140625 0.1125
1 0.375 0.121875 0.23046875 0.24296875
1 0.4296875 0.11875 0.121875 0.2078125
1 0.16875 0.10625 0.3375 0.21171875
1 0.509375 0.9296875 0.0359375 0.125
1 0.9890625 0.578125 0.021875 0.11328125
1 0.89375 0.5 0.04375 0.12421875
1 0.965625 0.65625 0.03046875 0.078125
1 0.7515625 0.4640625 0.034375 0.05
1 0.79375 0.4828125 0.03828125 0.08125
1 0.8078125 0.4703125 0.05 0.0625
1 0.909375 0.603125 0.046875 0.109375
1 0.759375 0.46875 0.0359375 0.0609375
1 0.7125 0.4625 0.03671875 0.04921875
1 0.859375 0.465625 0.04296875 0.05546875
1 0.9046875 0.46875 0.05 0.059375
1 0.828125 0.4625 0.0375 0.046875
1 0.9515625 0.465625 0.040625 0.053125
1 0.984375 0.4921875 0.03125 0.10625
1 0.9890625 0.490625 0.021875 0.103125
1 0.815625 0.53125 0.040625 0.0796875
1 0.953125 0.59375 0.09375 0.309375
1 0.9796875 0.50625 0.040625 0.1328125
1 0.984375 0.4875 0.03125 0.0953125
1 0.596875 0.71875 0.2109375 0.5609375
1 0.984375 0.9046875 0.03046875 0.18125
1 0.9875 0.803125 0.025 0.1796875
1 0.990625 0.834375 0.01875 0.1453125
1 0.134375 0.675 0.2671875 0.4703125