1 0.1 0.275 0.2 0.5484375
1 0.9953125 0.1625 0.009375 0.10625
1 0.734375 0.0625 0.0578125 0.1234375
1 0.75 0.1296875 0.04375 0.1640625
1 0.7921875 0.1875 0.0578125 0.221875
1 0.565625 0.021875 0.0375 0.0421875
1 0.65 0.06875 0.084375 0.1375
1 0.584375 0.0875 0.04375 0.175
1 0.61875 0.1765625 0.021875 0.0765625
1 0.6625 0.2890625 0.034375 0.140625
1 0.70625 0.1609375 0.028125 0.1125
1 0.646875 0.1796875 0.0359375 0.0984375
1 0.703125 0.2734375 0.0421875 0.159375
1 0.734375 0.3203125 0.0421875 0.159375
1 0.80625 0.359375 0.0546875 0.1328125
1 0.95 0.25 0.059375 0.2734375
1 0.98984375 0.2859375 0.0203125 0.121875
1 0.9875 0.35625 0.025 0.0953125
1 0.896875 0.1671875 0.021875 0.0859375
1 0.89375 0.303125 0.0484375 0.2125
1 0.95625 0.4125 0.0234375 0.071875
1 0.9296875 0.375 0.0234375 0.109375
1 0.996875 0.43125 0.00625 0.1234375
1 0.9765625 0.459375 0.0296875 0.1171875
1 0.9953125 0.4953125 0.009375 0.065625
1 0.94375 0.49375 0.028125 0.0890625
1 0.99609375 0.540625 0.0078125 0.059375
1 0.9765625 0.528125 0.021875 0.046875
1 0.9921875 0.571875 0.015625 0.0453125
1 0.975 0.565625 0.0171875 0.0421875
1 0.971875 0.678125 0.021875 0.040625
1 0.478125 0.034375 0.0578125 0.06875
1 0.53125 0.025 0.0375 0.05
1 0.5375 0.0671875 0.04375 0.11875
1 0.421875 0.015625 0.0328125 0.0296875
1 0.378125 0.0109375 0.034375 0.021875
1 0.390625 0.071875 0.0484375 0.14375
1 0.428125 0.06875 0.0296875 0.121875
1 0.45625 0.0765625 0.0328125 0.115625
1 0.49375 0.13125 0.03125 0.1078125
1 0.5515625 0.221875 0.0328125 0.1203125
1 0.590625 0.240625 0.034375 0.1046875
1 0.35 0.0296875 0.03125 0.059375
1 0.334375 0.0203125 0.0109375 0.040625
1 0.3484375 0.065625 0.0375 0.13125
1 0.3453125 0.090625 0.025 0.1140625
1 0.340625 0.140625 0.0234375 0.115625
1 0.365625 0.2265625 0.0484375 0.146875
1 0.4578125 0.1921875 0.0328125 0.1296875
1 0.421875 0.1796875 0.0390625 0.10625
1 0.49375 0.2359375 0.0359375 0.1265625
1 0.5296875 0.2875 0.03125 0.109375
1 0.6078125 0.315625 0.05 0.121875
1 0.65 0.38125 0.0390625 0.0890625
1 0.8125 0.434375 0.05625 0.1109375
1 0.865625 0.54375 0.0171875 0.1296875
1 0.8875 0.6 0.021875 0.109375
1 0.90625 0.6375 0.0203125 0.0796875
1 0.3421875 0.0625 0.025 0.125
1 0.334375 0.0140625 0.009375 0.028125
1 0.3359375 0.0203125 0.0125 0.040625
1 0.340625 0.2 0.021875 0.1234375
1 0.334375 0.25 0.009375 0.0828125
1 0.334375 0.25625 0.0109375 0.0703125
1 0.421875 0.284375 0.0328125 0.146875
1 0.45625 0.303125 0.0375 0.11875
1 0.35 0.1125 0.0421875 0.1875
1 0.340625 0.16875 0.0203125 0.0875
1 0.34375 0.228125 0.0265625 0.1546875
1 0.3375 0.253125 0.0140625 0.109375
1 0.340625 0.2875 0.0234375 0.1390625
1 0.3359375 0.2890625 0.0125 0.06875
1 0.365625 0.48125 0.040625 0.1484375
1 0.49375 0.421875 0.0234375 0.1
1 0.44375 0.3921875 0.03125 0.065625
1 0.428125 0.46875 0.034375 0.1
1 0.6125 0.4375 0.028125 0.090625
1 0.646875 0.453125 0.028125 0.0703125
1 0.7125 0.484375 0.0234375 0.0796875
1 0.7578125 0.41875 0.0390625 0.1015625
1 0.69375 0.4015625 0.03125 0.084375
1 0.5203125 0.571875 0.0234375 0.0796875
1 0.5390625 0.6109375 0.0203125 0.05625
1 0.7625 0.690625 0.0265625 0.01875
1 0.340625 0.3359375 0.0203125 0.103125
1 0.3359375 0.578125 0.0125 0.103125
1 0.3390625 0.396875 0.01875 0.0984375
1 0.365625 0.365625 0.025 0.09375
1 0.390625 0.3875 0.028125 0.090625
1 0.3390625 0.421875 0.01875 0.0984375
1 0.340625 0.315625 0.0234375 0.1609375
1 0.3375 0.5703125 0.015625 0.06875
1 0.334375 0.6375 0.0109375 0.078125
1 0.49375 0.60625 0.015625 0.0671875
1 0.521875 0.4875 0.021875 0.078125
1 0.4921875 0.51875 0.01875 0.0671875
1 0.525 0.4015625 0.0171875 0.059375
1 0.334375 0.309375 0.009375 0.0671875
1 0.34375 0.340625 0.028125 0.1296875
1 0.334375 0.2734375 0.0109375 0.090625
1 0.3375 0.3578125 0.0140625 0.09375
1 0.3359375 0.471875 0.0125 0.0796875
1 0.3390625 0.478125 0.01875 0.0625
1 0.3359375 0.6046875 0.0125 0.059375
1 0.39375 0.575 0.0234375 0.0734375
1 0.425 0.5671875 0.025 0.0828125
1 0.334375 0.5234375 0.0109375 0.0875
1 0.6546875 0.6328125 0.015625 0.0578125
1 0.60625 0.615625 0.0203125 0.065625
1 0.4578125 0.54375 0.034375 0.1
1 0.809375 0.6703125 0.0125 0.034375
1 0.76875 0.515625 0.0203125 0.075
1 0.75 0.54375 0.01875 0.0609375
1 0.690625 0.4765625 0.0234375 0.0671875
1 0.66875 0.49375 0.0234375 0.071875
1 0.65 0.521875 0.0234375 0.0640625
1 0.603125 0.50625 0.015625 0.053125
1 0.5671875 0.4625 0.028125 0.0703125
1 0.5703125 0.39375 0.0140625 0.053125
1 0.83125 0.515625 0.0171875 0.0546875
1 0.81875 0.54375 0.021875 0.071875
1 0.775 0.5546875 0.01875 0.05
1 0.79375 0.55625 0.0125 0.0421875
1 0.728125 0.515625 0.0203125 0.075
1 0.6984375 0.56875 0.0140625 0.06875
1 0.7640625 0.5984375 0.0125 0.053125
1 0.825 0.6 0.0234375 0.05
1 0.828125 0.684375 0.0109375 0.0265625
1 0.3375 0.4125 0.0171875 0.071875
1 0.334375 0.4421875 0.0109375 0.075
1 0.5765625 0.546875 0.0171875 0.053125
1 0.5625 0.5265625 0.0171875 0.040625
1 0.546875 0.496875 0.021875 0.0578125
1 0.55625 0.5703125 0.0203125 0.06875
1 0.6375 0.678125 0.0125 0.0421875
1 0.5203125 0.653125 0.01875 0.0734375
1 0.5375 0.665625 0.0171875 0.0609375
1 0.78125 0.6875 0.0171875 0.0265625
1 0.85 0.59375 0.0171875 0.08125
1 0.334375 0.5890625 0.0109375 0.059375
1 0.4609375 0.6625 0.01875 0.075
1 0.71875 0.615625 0.0265625 0.075
1 0.7796875 0.60625 0.01875 0.0546875
1 0.165625 0.85 0.3296875 0.3
1 0.6203125 0.85 0.571875 0.3