1 0.9 0.275 0.2 0.54921875
1 0.0046875 0.1625 0.009375 0.10625
1 0.265625 0.0625 0.0578125 0.1234375
1 0.25 0.1296875 0.04375 0.1640625
1 0.2078125 0.1875 0.05859375 0.221875
1 0.434375 0.021875 0.0375 0.0421875
1 0.35 0.06875 0.084375 0.1375
1 0.415625 0.0875 0.04375 0.175
1 0.38125 0.1765625 0.021875 0.07734375
1 0.3375 0.2890625 0.034375 0.140625
1 0.29375 0.1609375 0.028125 0.1125
1 0.353125 0.1796875 0.0359375 0.0984375
1 0.296875 0.2734375 0.04296875 0.159375
1 0.265625 0.3203125 0.04296875 0.159375
1 0.19375 0.359375 0.0546875 0.1328125
1 0.05 0.25 0.059375 0.27421875
1 0.01015625 0.2859375 0.0203125 0.121875
1 0.0125 0.35625 0.025 0.0953125
1 0.103125 0.1671875 0.021875 0.08515625
1 0.10625 0.303125 0.04921875 0.2125
1 0.04375 0.4125 0.02421875 0.071875
1 0.0703125 0.375 0.02265625 0.109375
1 0.003125 0.43125 0.00625 0.1234375
1 0.0234375 0.459375 0.0296875 0.1171875
1 0.0046875 0.4953125 0.009375 0.065625
1 0.05625 0.49375 0.028125 0.08828125
1 0.00390625 0.540625 0.0078125 0.059375
1 0.0234375 0.528125 0.021875 0.046875
1 0.0078125 0.571875 0.015625 0.0453125
1 0.025 0.565625 0.01796875 0.04296875
1 0.028125 0.678125 0.021875 0.040625
1 0.521875 0.034375 0.0578125 0.06875
1 0.46875 0.025 0.0375 0.05
1 0.4625 0.0671875 0.04375 0.11875
1 0.578125 0.015625 0.0328125 0.0296875
1 0.621875 0.0109375 0.034375 0.021875
1 0.609375 0.071875 0.04921875 0.14375
1 0.571875 0.06875 0.03046875 0.121875
1 0.54375 0.0765625 0.03203125 0.115625
1 0.50625 0.13125 0.03125 0.1078125
1 0.4484375 0.221875 0.0328125 0.1203125
1 0.409375 0.240625 0.034375 0.1046875
1 0.65 0.0296875 0.03125 0.059375
1 0.665625 0.0203125 0.01171875 0.040625
1 0.6515625 0.065625 0.0375 0.13125
1 0.6546875 0.090625 0.025 0.1140625
1 0.659375 0.140625 0.0234375 0.115625
1 0.634375 0.2265625 0.04921875 0.146875
1 0.5421875 0.1921875 0.0328125 0.1296875
1 0.578125 0.1796875 0.03828125 0.10625
1 0.50625 0.2359375 0.03671875 0.12734375
1 0.4703125 0.2875 0.03125 0.109375
1 0.3921875 0.315625 0.05 0.121875
1 0.35 0.38125 0.03828125 0.08828125
1 0.1875 0.434375 0.05625 0.1109375
1 0.134375 0.54375 0.0171875 0.1296875
1 0.1125 0.6 0.021875 0.109375
1 0.09375 0.6375 0.01953125 0.08046875
1 0.6578125 0.0625 0.025 0.125
1 0.665625 0.0140625 0.009375 0.028125
1 0.6640625 0.0203125 0.0125 0.040625
1 0.659375 0.2 0.021875 0.12421875
1 0.665625 0.25 0.009375 0.0828125
1 0.665625 0.25625 0.01171875 0.06953125
1 0.578125 0.284375 0.03203125 0.146875
1 0.54375 0.303125 0.0375 0.11875
1 0.65 0.1125 0.0421875 0.1875
1 0.659375 0.16875 0.01953125 0.0875
1 0.65625 0.228125 0.02578125 0.15546875
1 0.6625 0.253125 0.01328125 0.109375
1 0.659375 0.2875 0.02421875 0.13828125
1 0.6640625 0.2890625 0.0125 0.06875
1 0.634375 0.48125 0.040625 0.14921875
1 0.50625 0.421875 0.0234375 0.1
1 0.55625 0.3921875 0.03125 0.065625
1 0.571875 0.46875 0.034375 0.1
1 0.3875 0.4375 0.028125 0.090625
1 0.353125 0.453125 0.028125 0.0703125
1 0.2875 0.484375 0.0234375 0.0796875
1 0.2421875 0.41875 0.0390625 0.1015625
1 0.30625 0.4015625 0.03125 0.084375
1 0.4796875 0.571875 0.0234375 0.0796875
1 0.4609375 0.6109375 0.02109375 0.05625
1 0.2375 0.690625 0.02578125 0.01875
1 0.659375 0.3359375 0.01953125 0.103125
1 0.6640625 0.578125 0.0125 0.103125
1 0.6609375 0.396875 0.01875 0.0984375
1 0.634375 0.365625 0.025 0.09375
1 0.609375 0.3875 0.028125 0.090625
1 0.6609375 0.421875 0.01875 0.09921875
1 0.659375 0.315625 0.0234375 0.1609375
1 0.6625 0.5703125 0.015625 0.06875
1 0.665625 0.6375 0.01171875 0.078125
1 0.50625 0.60625 0.015625 0.0671875
1 0.478125 0.4875 0.021875 0.078125
1 0.5078125 0.51875 0.01875 0.06796875
1 0.475 0.4015625 0.0171875 0.059375
1 0.665625 0.309375 0.009375 0.06796875
1 0.65625 0.340625 0.028125 0.13046875
1 0.665625 0.2734375 0.01171875 0.090625
1 0.6625 0.3578125 0.0140625 0.09375
1 0.6640625 0.471875 0.0125 0.0796875
1 0.6609375 0.478125 0.01875 0.0625
1 0.6640625 0.6046875 0.0125 0.059375
1 0.60625 0.575 0.02421875 0.07421875
1 0.575 0.5671875 0.025 0.08359375
1 0.665625 0.5234375 0.0109375 0.0875
1 0.3453125 0.6328125 0.015625 0.0578125
1 0.39375 0.615625 0.01953125 0.065625
1 0.5421875 0.54375 0.034375 0.1
1 0.190625 0.6703125 0.0125 0.034375
1 0.23125 0.515625 0.01953125 0.075
1 0.25 0.54375 0.01875 0.06171875
1 0.309375 0.4765625 0.0234375 0.0671875
1 0.33125 0.49375 0.0234375 0.071875
1 0.35 0.521875 0.02421875 0.06328125
1 0.396875 0.50625 0.015625 0.053125
1 0.4328125 0.4625 0.028125 0.06953125
1 0.4296875 0.39375 0.01484375 0.053125
1 0.16875 0.515625 0.01796875 0.05546875
1 0.18125 0.54375 0.021875 0.071875
1 0.225 0.5546875 0.01875 0.05
1 0.20625 0.55625 0.0125 0.04296875
1 0.271875 0.515625 0.01953125 0.075
1 0.3015625 0.56875 0.01484375 0.06875
1 0.2359375 0.5984375 0.0125 0.053125
1 0.175 0.6 0.02421875 0.05
1 0.171875 0.684375 0.0109375 0.0265625
1 0.6625 0.4125 0.01796875 0.071875
1 0.665625 0.4421875 0.0109375 0.075
1 0.4234375 0.546875 0.0171875 0.053125
1 0.4375 0.5265625 0.01796875 0.040625
1 0.453125 0.496875 0.021875 0.0578125
1 0.44375 0.5703125 0.01953125 0.06875
1 0.3625 0.678125 0.0125 0.04296875
1 0.4796875 0.653125 0.01875 0.0734375
1 0.4625 0.665625 0.0171875 0.0609375
1 0.21875 0.6875 0.01796875 0.02578125
1 0.15 0.59375 0.01796875 0.08125
1 0.665625 0.5890625 0.01171875 0.059375
1 0.5390625 0.6625 0.01875 0.075
1 0.28125 0.615625 0.02578125 0.075
1 0.2203125 0.60625 0.01875 0.05546875
1 0.834375 0.85 0.3296875 0.3
1 0.3796875 0.85 0.571875 0.3