1 0.146875 0.1328125 0.29375 0.265625
1 0.65625 0.259375 0.1734375 0.5015625
1 0.4 0.715625 0.0390625 0.228125
1 0.171875 0.765625 0.3421875 0.4671875
1 0.475 0.81875 0.1140625 0.3609375
1 0.484375 0.6 0.13125 0.1828125
1 0.6859375 0.6 0.184375 0.18125
1 0.9125 0.86875 0.1453125 0.2609375
1 0.690625 0.828125 0.2390625 0.34375
1 0.89375 0.6125 0.1671875 0.2046875
1 0.45 0.825 0.0640625 0.35
1 0.453125 0.60625 0.06875 0.1921875
1 0.4890625 0.8375 0.115625 0.325
1 0.440625 0.60625 0.0421875 0.1953125