1 0.99375 0.3640625 0.0125 0.0625
1 0.9875 0.446875 0.025 0.10703125
1 0.859375 0.459375 0.0375 0.078125
1 0.984375 0.478125 0.03125 0.04453125
1 0.98125 0.446875 0.0375 0.1078125
1 0.990625 0.18125 0.0171875 0.0609375
1 0.99375 0.1453125 0.0109375 0.04375
1 0.99375 0.1359375 0.0109375 0.03125
1 0.9125 0.48125 0.0421875 0.0375
1 0.8125 0.4671875 0.0453125 0.065625
1 0.7640625 0.4765625 0.0265625 0.0421875
1 0.965625 0.425 0.0625 0.0765625
1 0.9890625 0.35625 0.021875 0.0921875
1 0.984375 0.334375 0.03125 0.0796875
1 0.9828125 0.246875 0.034375 0.078125
1 0.99375 0.1875 0.0125 0.034375
1 0.996875 0.1078125 0.00625 0.021875
1 0.99375 0.21875 0.0125 0.0390625
1 0.996875 0.18125 0.00546875 0.01796875
1 0.971875 0.2484375 0.0265625 0.0421875
1 0.9609375 0.353125 0.03984375 0.06171875
1 0.903125 0.328125 0.0296875 0.078125
1 0.896875 0.2640625 0.015625 0.021875
1 0.9109375 0.2578125 0.0140625 0.0109375
1 0.928125 0.25 0.0125 0.009375
1 0.95625 0.271875 0.0140625 0.0234375
1 0.9375 0.303125 0.028125 0.0171875
1 0.8671875 0.296875 0.0125 0.01953125
1 0.865625 0.26875 0.015625 0.015625
1 0.846875 0.2875 0.0125 0.009375
1 0.840625 0.3640625 0.025 0.0671875
1 0.740625 0.421875 0.02421875 0.01796875
1 0.725 0.40625 0.01953125 0.021875
1 0.725 0.3703125 0.0203125 0.01875
1 0.73125 0.35 0.0234375 0.0234375
1 0.6765625 0.396875 0.03125 0.0546875
1 0.6265625 0.415625 0.0234375 0.0328125
1 0.634375 0.36875 0.03125 0.03125
1 0.60625 0.378125 0.0203125 0.028125
1 0.665625 0.45625 0.046875 0.05078125
1 0.728125 0.4546875 0.0453125 0.0546875
1 0.721875 0.490625 0.053125 0.01875
1 0.6375 0.496875 0.034375 0.0078125
1 0.6296875 0.484375 0.0375 0.0203125
1 0.596875 0.4828125 0.028125 0.034375
1 0.559375 0.478125 0.03828125 0.04296875
1 0.53125 0.490625 0.01875 0.01796875
1 0.528125 0.4375 0.03125 0.0421875
1 0.51875 0.478125 0.03671875 0.04296875
1 0.815625 0.340625 0.021875 0.02421875
1 0.809375 0.3703125 0.01875 0.03125
1 0.7875 0.375 0.015625 0.0234375
1 0.928125 0.365625 0.034375 0.0546875
1 0.865625 0.3828125 0.028125 0.0609375
1 0.896875 0.409375 0.03671875 0.059375
1 0.9953125 0.296875 0.009375 0.021875
1 0.996875 0.290625 0.00625 0.015625
1 0.9953125 0.296875 0.009375 0.02578125
1 0.99375 0.2265625 0.0109375 0.028125
1 0.9953125 0.234375 0.009375 0.02421875
1 0.9953125 0.25625 0.009375 0.021875
1 0.94375 0.278125 0.021875 0.015625
1 0.99375 0.26875 0.0125 0.028125
1 0.996875 0.2109375 0.00625 0.028125
1 0.996875 0.2078125 0.00625 0.009375
1 0.996875 0.1875 0.00625 0.01796875
1 0.99375 0.065625 0.0109375 0.0328125
1 0.421875 0.30625 0.0296875 0.0984375
1 0.4828125 0.39375 0.0265625 0.078125
1 0.409375 0.446875 0.04296875 0.090625
1 0.30625 0.459375 0.0484375 0.0796875
1 0.478125 0.184375 0.025 0.08046875
1 0.4921875 0.4046875 0.015625 0.075
1 0.3890625 0.2703125 0.02890625 0.090625
1 0.18125 0.24375 0.03125 0.09453125
1 0.4953125 0.0765625 0.009375 0.05
1 0.490625 0.471875 0.01875 0.0578125
1 0.1828125 0.43125 0.025 0.065625
1 0.11875 0.3171875 0.034375 0.0796875
1 0.3609375 0.4 0.034375 0.09921875
1 0.1515625 0.2484375 0.028125 0.096875
1 0.1625 0.171875 0.01953125 0.071875
1 0.18125 0.478125 0.03671875 0.04375
1 0.315625 0.25 0.0234375 0.0734375
1 0.49375 0.396875 0.0125 0.0953125
1 0.0078125 0.459375 0.015625 0.08203125
1 0.2265625 0.134375 0.01875 0.053125
1 0.4234375 0.1953125 0.02265625 0.08125
1 0.0375 0.425 0.025 0.0640625
1 0.24375 0.240625 0.0234375 0.0671875
1 0.21875 0.35625 0.02578125 0.08046875
1 0.103125 0.484375 0.0546875 0.0296875
1 0.0625 0.196875 0.0265625 0.075
1 0.0375 0.478125 0.03671875 0.04453125
1 0.4921875 0.3296875 0.015625 0.078125
1 0.346875 0.459375 0.025 0.078125
1 0.425 0.0875 0.021875 0.0625
1 0.00625 0.0984375 0.0125 0.05625
1 0.134375 0.4125 0.03125 0.09921875
1 0.01875 0.15625 0.0359375 0.08125
1 0.003125 0.284375 0.0046875 0.0578125
1 0.16875 0.0359375 0.02421875 0.071875
1 0.45625 0.465625 0.0265625 0.06875
1 0.0609375 0.378125 0.03125 0.084375
1 0.046875 0.25625 0.0234375 0.0796875
1 0.49375 0.3484375 0.0140625 0.08125
1 0.290625 0.059375 0.0234375 0.06875
1 0.265625 0.0140625 0.015625 0.028125
1 0.328125 0.184375 0.01875 0.0671875
1 0.490625 0.4765625 0.0171875 0.046875
1 0.49375 0.2375 0.0125 0.07578125
1 0.490625 0.41875 0.01875 0.09296875
1 0.30625 0.3171875 0.0265625 0.0875
1 0.49375 0.10625 0.01171875 0.06875
1 0.334375 0.3078125 0.025 0.0703125
1 0.225 0.446875 0.0484375 0.1078125
1 0.49375 0.40625 0.0140625 0.0921875
1 0.01875 0.35 0.025 0.07578125
1 0.49375 0.446875 0.0125 0.075
1 0.44375 0.171875 0.021875 0.06953125
1 0.34375 0.121875 0.025 0.0671875
1 0.365625 0.3265625 0.0328125 0.075
1 0.171875 0.3203125 0.0375 0.1046875
1 0.0953125 0.3890625 0.03359375 0.090625
1 0.05625 0.128125 0.01953125 0.06328125
1 0.49375 0.2359375 0.01328125 0.090625
1 0.2625 0.2875 0.0265625 0.078125
1 0.3875 0.046875 0.01953125 0.06171875
1 0.0875 0.021875 0.01875 0.04296875
1 0.4953125 0.0125 0.009375 0.025
1 0.321875 0.084375 0.01796875 0.06953125
1 0.49375 0.3 0.0109375 0.0640625
1 0.4140625 0.034375 0.021875 0.06875
1 0.49375 0.18125 0.01171875 0.06328125
1 0.4953125 0.05 0.009375 0.06875
1 0.49375 0.346875 0.01328125 0.05625
1 0.49375 0.3234375 0.0125 0.05625
1 0.0375 0.084375 0.0171875 0.0546875
1 0.1125 0.021875 0.021875 0.04375
1 0.15625 0.465625 0.025 0.06953125
1 0.025 0.015625 0.02421875 0.03046875
1 0.45 0.384375 0.0234375 0.0859375
1 0.3484375 0.259375 0.02734375 0.06328125
1 0.49375 0.4796875 0.01328125 0.040625
1 0.4953125 0.071875 0.009375 0.05703125
1 0.496875 0.01875 0.0078125 0.0375
1 0.3140625 0.15 0.021875 0.06953125
1 0.49375 0.171875 0.01171875 0.06953125
1 0.03125 0.0109375 0.0203125 0.021875
1 0.14375 0.015625 0.01953125 0.03125
1 0.49375 0.4375 0.0125 0.065625
1 0.284375 0.38125 0.0328125 0.1
1 0.003125 0.325 0.00546875 0.05
1 0.065625 0.4546875 0.02421875 0.071875
1 0.3421875 0.025 0.021875 0.05
1 0.0765625 0.1328125 0.02109375 0.059375
1 0.1 0.190625 0.01875 0.0515625
1 0.459375 0.125 0.0234375 0.05625
1 0.296875 0.2109375 0.02421875 0.075
1 0.4234375 0.390625 0.0296875 0.078125
1 0.4 0.0125 0.01796875 0.025
1 0.4875 0.44375 0.0234375 0.1125
1 0.375 0.1625 0.028125 0.1
1 0.35625 0.2265625 0.021875 0.0625
1 0.215625 0.2578125 0.01796875 0.07890625
1 0.0984375 0.265625 0.0203125 0.0625
1 0.0828125 0.309375 0.02265625 0.06171875
1 0.0109375 0.24375 0.021875 0.078125
1 0.0578125 0.03125 0.025 0.06171875
1 0.10625 0.14375 0.0234375 0.0609375
1 0.1375 0.096875 0.025 0.071875
1 0.025 0.0328125 0.015625 0.0578125
1 0.4875 0.259375 0.021875 0.06171875
1 0.459375 0.2828125 0.03125 0.1046875
1 0.49375 0.30625 0.01171875 0.07421875
1 0.490625 0.2125 0.0171875 0.096875
1 0.490625 0.225 0.01875 0.09921875
1 0.75625 0.75 0.4875 0.5
1 0.9875 0.90625 0.025 0.0703125
1 0.0390625 0.7453125 0.078125 0.490625
1 0.396875 0.75 0.1234375 0.4984375
1 0.134375 0.7453125 0.09921875 0.490625
1 0.228125 0.784375 0.1109375 0.43125
1 0.4734375 0.75 0.053125 0.5