1 0.1359375 0.14375 0.02890625 0.06875
1 0.071875 0.16875 0.040625 0.08203125
1 0.18125 0.2 0.0484375 0.090625
1 0.025 0.2203125 0.04375 0.0921875
1 0.275 0.2578125 0.03671875 0.04375
1 0.03125 0.14375 0.03125 0.059375
1 0.38125 0.0375 0.02421875 0.06796875
1 0.0125 0.115625 0.025 0.1375
1 0.35625 0.165625 0.040625 0.11328125
1 0.065625 0.025 0.0390625 0.05
1 0.0140625 0.03125 0.028125 0.06171875
1 0.253125 0.01875 0.02421875 0.0375
1 0.275 0.0421875 0.028125 0.08359375
1 0.0078125 0.2046875 0.015625 0.0625
1 0.025 0.065625 0.0484375 0.13125
1 0.2296875 0.18125 0.03984375 0.090625
1 0.334375 0.0140625 0.0296875 0.028125
1 0.68125 0.140625 0.484375 0.2796875
1 0.21875 0.63984375 0.4375 0.7203125
1 0.71875 0.6234375 0.56171875 0.6875