1 0.29375 0.21875 0.03125 0.06875
1 0.3125 0.578125 0.06875 0.1171875
1 0.1921875 0.546875 0.05625 0.1
1 0.228125 0.246875 0.040625 0.0828125
1 0.3390625 0.275 0.0484375 0.090625
1 0.18125 0.296875 0.04375 0.0921875
1 0.434375 0.671875 0.0421875 0.0984375
1 0.109375 0.725 0.065625 0.13671875
1 0.809375 0.0625 0.04375 0.075
1 0.4328125 0.3578125 0.0359375 0.0890625
1 0.621875 0.4265625 0.0296875 0.0609375
1 0.0578125 0.734375 0.04375 0.1125
1 0.14375 0.4390625 0.053125 0.11875
1 0.1875 0.221875 0.03125 0.059375
1 0.5375 0.115625 0.02421875 0.06796875
1 0.8453125 0.096875 0.0265625 0.0640625
1 0.078125 0.19375 0.05625 0.1375
1 0.8609375 0.178125 0.05 0.1234375
1 0.5140625 0.240625 0.040625 0.1140625
1 0.403125 0.615625 0.0390625 0.0859375
1 0.775 0.6 0.0671875 0.1421875
1 0.1890625 0.3828125 0.03125 0.0859375
1 0.784375 0.225 0.034375 0.0921875
1 0.225 0.0515625 0.0390625 0.1015625
1 0.371875 0.515625 0.03828125 0.08671875
1 0.2375 0.5140625 0.0375 0.090625
1 0.0640625 0.065625 0.059375 0.1234375
1 0.459375 0.7078125 0.03125 0.059375
1 0.271875 0.8890625 0.04296875 0.10234375
1 0.109375 0.559375 0.0390625 0.109375
1 0.6125 0.95625 0.0578125 0.0859375
1 0.6875 0.5921875 0.0421875 0.1015625
1 0.409375 0.0453125 0.0234375 0.075
1 0.65 0.553125 0.046875 0.065625
1 0.915625 0.4625 0.046875 0.090625
1 0.371875 0.396875 0.0375 0.08203125
1 0.29375 0.7125 0.040625 0.10546875
1 0.071875 0.5046875 0.0671875 0.1421875
1 0.303125 0.478125 0.03046875 0.065625
1 0.725 0.3484375 0.03125 0.09375
1 0.434375 0.11875 0.028125 0.08203125
1 0.95625 0.365625 0.0234375 0.04375
1 0.5890625 0.71875 0.1140625 0.1609375
1 0.065625 0.28125 0.03125 0.0625
1 0.5046875 0.415625 0.04609375 0.084375
1 0.178125 0.1390625 0.0546875 0.1421875
1 0.7 0.684375 0.059375 0.10625
1 0.440625 0.4625 0.025 0.0515625
1 0.3875 0.2578125 0.0390625 0.090625
1 0.503125 0.68125 0.04375 0.1078125
1 0.990625 0.384375 0.01328125 0.040625
1 0.228125 0.8234375 0.05546875 0.128125
1 0.490625 0.034375 0.0296875 0.0578125