1 0.04375 0.196875 0.040625 0.0796875
1 0.165625 0.3390625 0.040625 0.1125
1 0.1625 0.4359375 0.0296875 0.0859375
1 0.2078125 0.8125 0.0296875 0.0625
1 0.278125 0.3546875 0.040625 0.0671875
1 0.1609375 0.834375 0.0328125 0.0875
1 0.203125 0.30625 0.028125 0.078125
1 0.5203125 0.109375 0.0265625 0.0609375
1 0.1625 0.2359375 0.0359375 0.0765625
1 0.125 0.0578125 0.0390625 0.0984375
1 0.346875 0.325 0.0421875 0.1046875
1 0.3203125 0.1453125 0.034375 0.103125
1 0.284375 0.4484375 0.040625 0.121875
1 0.084375 0.1703125 0.0359375 0.0875
1 0.128125 0.29375 0.0328125 0.078125
1 0.278125 0.290625 0.0296875 0.075
1 0.096875 0.471875 0.0421875 0.109375
1 0.0453125 0.35625 0.0296875 0.0734375
1 0.1 0.384375 0.0390625 0.10625
1 0.565625 0.321875 0.0515625 0.184375
1 0.03125 0.85 0.0515625 0.090625
1 0.203125 0.38125 0.034375 0.075
1 0.115625 0.840625 0.0359375 0.08125
1 0.7921875 0.075 0.0234375 0.0671875
1 0.1078125 0.23125 0.0265625 0.0625
1 0.1953125 0.4703125 0.0375 0.1078125
1 0.2359375 0.2703125 0.03125 0.1046875
1 0.31875 0.465625 0.040625 0.1125
1 0.165625 0.109375 0.0359375 0.0953125
1 0.3078125 0.2546875 0.0546875 0.11875
1 0.653125 0.1453125 0.025 0.06875
1 0.5625 0.06875 0.028125 0.0765625
1 0.4625 0.028125 0.021875 0.05625
1 0.24375 0.39375 0.034375 0.0875
1 0.3765625 0.08125 0.0296875 0.075
1 0.046875 0.4375 0.0421875 0.1078125
1 0.59375 0.10625 0.0296875 0.0890625
1 0.603125 0.278125 0.0359375 0.0953125
1 0.25 0.4609375 0.025 0.06875
1 0.6921875 0.071875 0.0296875 0.0859375
1 0.096875 0.309375 0.03125 0.0640625
1 0.4125 0.4078125 0.0390625 0.090625
1 0.4703125 0.196875 0.0265625 0.0984375
1 0.428125 0.415625 0.03125 0.08125
1 0.4875 0.73125 0.0359375 0.071875
1 0.015625 0.4 0.03125 0.1015625
1 0.2375 0.04375 0.04375 0.084375
1 0.515625 0.50625 0.046875 0.140625
1 0.090625 0.959375 0.0421875 0.075
1 0.075 0.26875 0.028125 0.05625
1 0.4640625 0.084375 0.0203125 0.05
1 0.5421875 0.159375 0.021875 0.0515625
1 0.03125 0.29375 0.025 0.053125
1 0.853125 0.034375 0.0171875 0.05
1 0.4234375 0.10625 0.0453125 0.1296875
1 0.325 0.375 0.0375 0.0765625
1 0.278125 0.159375 0.028125 0.0578125
1 0.646875 0.090625 0.025 0.071875
1 0.48125 0.1328125 0.0203125 0.059375
1 0.1484375 0.665625 0.0328125 0.0609375
1 0.5 0.2125 0.0390625 0.128125
1 0.3890625 0.0328125 0.021875 0.0546875
1 0.353125 0.4375 0.03125 0.075
1 0.0421875 0.95625 0.0578125 0.075
1 0.621875 0.0625 0.028125 0.0953125
1 0.5296875 0.01875 0.0203125 0.0328125
1 0.3984375 0.521875 0.046875 0.1109375
1 0.45 0.465625 0.0515625 0.146875
1 0.084375 0.7734375 0.028125 0.0578125
1 0.2453125 0.1875 0.0265625 0.053125
1 0.49375 0.63125 0.0328125 0.0546875
1 0.8125 0.0421875 0.015625 0.04375
1 0.7234375 0.196875 0.0359375 0.11875
1 0.390625 0.3515625 0.034375 0.084375
1 0.0734375 0.103125 0.05 0.0546875
1 0.34375 0.028125 0.0421875 0.053125
1 0.528125 0.609375 0.0234375 0.059375
1 0.5890625 0.03125 0.0234375 0.0578125
1 0.8328125 0.0453125 0.01875 0.0515625
1 0.14375 0.5328125 0.04375 0.11875
1 0.203125 0.0828125 0.0453125 0.1296875
1 0.1296875 0.415625 0.025 0.0921875
1 0.603125 0.4828125 0.04375 0.078125
1 0.6796875 0.025 0.0265625 0.040625
1 0.0296875 0.246875 0.0265625 0.0546875
1 0.196875 0.225 0.0234375 0.059375