1 0.009375 0.153125 0.01875 0.0796875
1 0.1 0.2953125 0.040625 0.1125
1 0.096875 0.3921875 0.028125 0.0859375
1 0.2 0.309375 0.01875 0.0671875
1 0.1375 0.2625 0.028125 0.078125
1 0.096875 0.1921875 0.0359375 0.0765625
1 0.059375 0.03125 0.0390625 0.0625
1 0.203125 0.4046875 0.0125 0.121875
1 0.01875 0.1265625 0.0359375 0.0875
1 0.0625 0.25 0.0328125 0.0796875
1 0.203125 0.2453125 0.0125 0.075
1 0.03125 0.428125 0.0421875 0.109375
1 0.00625 0.3125 0.0125 0.0734375
1 0.034375 0.340625 0.040625 0.10625
1 0.1375 0.3375 0.034375 0.075
1 0.0421875 0.1875 0.025 0.0625
1 0.1296875 0.4265625 0.0375 0.1078125
1 0.1703125 0.2265625 0.03125 0.1046875
1 0.1 0.065625 0.0359375 0.0953125
1 0.178125 0.35 0.0328125 0.0859375
1 0.009375 0.39375 0.01875 0.1078125
1 0.184375 0.4171875 0.025 0.06875
1 0.03125 0.265625 0.03125 0.065625
1 0.00625 0.3546875 0.0125 0.1
1 0.171875 0.0203125 0.0421875 0.040625
1 0.0125 0.2234375 0.0234375 0.05625
1 0.00625 0.25 0.0109375 0.053125
1 0.203125 0.115625 0.0125 0.0578125
1 0.1796875 0.14375 0.0265625 0.053125
1 0.015625 0.0578125 0.03125 0.053125
1 0.0765625 0.484375 0.04375 0.109375
1 0.1375 0.0515625 0.0453125 0.103125
1 0.0640625 0.371875 0.025 0.0921875
1 0.00625 0.203125 0.0125 0.0546875
1 0.13125 0.18125 0.0234375 0.059375
1 0.7234375 0.290625 0.4625 0.496875
1 0.228125 0.153125 0.0375 0.1640625
1 0.246875 0.159375 0.0734375 0.1828125
1 0.41875 0.1625 0.071875 0.1578125
1 0.3375 0.15 0.0984375 0.1546875
1 0.10625 0.76875 0.2078125 0.4609375
1 0.584375 0.9078125 0.128125 0.1671875