1 0.7609375 0.15 0.1578125 0.2984375
1 0.9484375 0.125 0.10234375 0.24921875
1 0.91875 0.353125 0.0546875 0.2234375
1 0.8703125 0.265625 0.06015625 0.425
1 0.8375 0.365625 0.0375 0.13046875
1 0.809375 0.3546875 0.0328125 0.1203125
1 0.765625 0.3625 0.0421875 0.1125
1 0.73125 0.3890625 0.040625 0.1875
1 0.659375 0.3625 0.078125 0.4046875
1 0.615625 0.346875 0.0671875 0.31875
1 0.5484375 0.29375 0.07265625 0.365625
1 0.559375 0.0625 0.0578125 0.125
1 0.421875 0.0984375 0.059375 0.196875
1 0.465625 0.415625 0.071875 0.37421875
1 0.41875 0.41875 0.0625 0.3953125
1 0.36875 0.35625 0.071875 0.38125
1 0.340625 0.06875 0.0578125 0.1375
1 0.3 0.240625 0.071875 0.346875
1 0.2015625 0.3328125 0.134375 0.5125
1 0.0921875 0.41875 0.084375 0.43671875
1 0.028125 0.38125 0.05625 0.428125