1 0.95625 0.196875 0.040625 0.08046875
1 0.834375 0.3390625 0.040625 0.1125
1 0.8375 0.4359375 0.0296875 0.0859375
1 0.7921875 0.8125 0.0296875 0.0625
1 0.721875 0.3546875 0.040625 0.0671875
1 0.8390625 0.834375 0.03359375 0.0875
1 0.796875 0.30625 0.028125 0.078125
1 0.4796875 0.109375 0.02734375 0.06171875
1 0.8375 0.2359375 0.0359375 0.0765625
1 0.875 0.0578125 0.03828125 0.09765625
1 0.653125 0.325 0.0421875 0.1046875
1 0.6796875 0.1453125 0.034375 0.103125
1 0.715625 0.4484375 0.040625 0.121875
1 0.915625 0.1703125 0.0359375 0.0875
1 0.871875 0.29375 0.03203125 0.078125
1 0.721875 0.290625 0.0296875 0.075
1 0.903125 0.471875 0.04296875 0.109375
1 0.9546875 0.35625 0.02890625 0.07421875
1 0.9 0.384375 0.03828125 0.10625
1 0.434375 0.321875 0.0515625 0.184375
1 0.96875 0.85 0.05078125 0.090625
1 0.796875 0.38125 0.034375 0.075
1 0.884375 0.840625 0.0359375 0.08125
1 0.2078125 0.075 0.0234375 0.0671875
1 0.8921875 0.23125 0.0265625 0.0625
1 0.8046875 0.4703125 0.0375 0.1078125
1 0.7640625 0.2703125 0.03125 0.1046875
1 0.68125 0.465625 0.040625 0.1125
1 0.834375 0.109375 0.03671875 0.09453125
1 0.6921875 0.2546875 0.05390625 0.11875
1 0.346875 0.1453125 0.025 0.06875
1 0.4375 0.06875 0.028125 0.0765625
1 0.5375 0.028125 0.021875 0.05625
1 0.75625 0.39375 0.034375 0.0875
1 0.6234375 0.08125 0.02890625 0.075
1 0.953125 0.4375 0.0421875 0.1078125
1 0.40625 0.10625 0.0296875 0.0890625
1 0.396875 0.278125 0.03671875 0.09453125
1 0.75 0.4609375 0.025 0.06875
1 0.3078125 0.071875 0.0296875 0.0859375
1 0.903125 0.309375 0.03125 0.0640625
1 0.5875 0.4078125 0.03828125 0.090625
1 0.5296875 0.196875 0.02734375 0.09921875
1 0.571875 0.415625 0.03125 0.08125
1 0.5125 0.73125 0.0359375 0.071875
1 0.984375 0.4 0.03125 0.10078125
1 0.7625 0.04375 0.04375 0.084375
1 0.484375 0.50625 0.046875 0.140625
1 0.909375 0.959375 0.0421875 0.075
1 0.925 0.26875 0.028125 0.05625
1 0.5359375 0.084375 0.0203125 0.05
1 0.4578125 0.159375 0.021875 0.05078125
1 0.96875 0.29375 0.025 0.053125
1 0.146875 0.034375 0.0171875 0.05
1 0.5765625 0.10625 0.0453125 0.1296875
1 0.675 0.375 0.0375 0.07578125
1 0.721875 0.159375 0.028125 0.0578125
1 0.353125 0.090625 0.025 0.071875
1 0.51875 0.1328125 0.01953125 0.059375
1 0.8515625 0.665625 0.0328125 0.0609375
1 0.5 0.2125 0.0390625 0.128125
1 0.6109375 0.0328125 0.021875 0.05390625
1 0.646875 0.4375 0.03125 0.075
1 0.9578125 0.95625 0.0578125 0.075
1 0.378125 0.0625 0.028125 0.0953125
1 0.4703125 0.01875 0.02109375 0.03203125
1 0.6015625 0.521875 0.046875 0.11171875
1 0.55 0.465625 0.05078125 0.146875
1 0.915625 0.7734375 0.028125 0.0578125
1 0.7546875 0.1875 0.02734375 0.053125
1 0.50625 0.63125 0.0328125 0.0546875
1 0.1875 0.0421875 0.015625 0.04375
1 0.2765625 0.196875 0.0359375 0.11875
1 0.609375 0.3515625 0.034375 0.084375
1 0.9265625 0.103125 0.05 0.0546875
1 0.65625 0.028125 0.0421875 0.053125
1 0.471875 0.609375 0.0234375 0.059375
1 0.4109375 0.03125 0.0234375 0.0578125
1 0.1671875 0.0453125 0.01875 0.0515625
1 0.85625 0.5328125 0.04375 0.11875
1 0.796875 0.0828125 0.0453125 0.1296875
1 0.8703125 0.415625 0.025 0.09296875
1 0.396875 0.4828125 0.04375 0.078125
1 0.3203125 0.025 0.02734375 0.040625
1 0.9703125 0.246875 0.0265625 0.0546875
1 0.803125 0.225 0.0234375 0.059375