1 0.00625 0.3640625 0.0125 0.0625
1 0.0125 0.446875 0.025 0.1078125
1 0.140625 0.459375 0.0375 0.078125
1 0.015625 0.478125 0.03125 0.0453125
1 0.01875 0.446875 0.0375 0.1078125
1 0.009375 0.18125 0.0171875 0.0609375
1 0.00625 0.1453125 0.0109375 0.04375
1 0.00625 0.1359375 0.0109375 0.03125
1 0.0875 0.48125 0.0421875 0.0375
1 0.1875 0.4671875 0.0453125 0.065625
1 0.2359375 0.4765625 0.0265625 0.0421875
1 0.034375 0.425 0.0625 0.0765625
1 0.0109375 0.35625 0.021875 0.0921875
1 0.015625 0.334375 0.03125 0.0796875
1 0.0171875 0.246875 0.034375 0.078125
1 0.00625 0.1875 0.0125 0.034375
1 0.003125 0.1078125 0.00625 0.021875
1 0.00625 0.21875 0.0125 0.0390625
1 0.003125 0.18125 0.0046875 0.0171875
1 0.028125 0.2484375 0.0265625 0.0421875
1 0.0390625 0.353125 0.0390625 0.0609375
1 0.096875 0.328125 0.0296875 0.078125
1 0.103125 0.2640625 0.015625 0.021875
1 0.0890625 0.2578125 0.0140625 0.0109375
1 0.071875 0.25 0.0125 0.009375
1 0.04375 0.271875 0.0140625 0.0234375
1 0.0625 0.303125 0.028125 0.0171875
1 0.1328125 0.296875 0.0125 0.0203125
1 0.134375 0.26875 0.015625 0.015625
1 0.153125 0.2875 0.0125 0.009375
1 0.159375 0.3640625 0.025 0.0671875
1 0.259375 0.421875 0.0234375 0.0171875
1 0.275 0.40625 0.0203125 0.021875
1 0.275 0.3703125 0.0203125 0.01875
1 0.26875 0.35 0.0234375 0.0234375
1 0.3234375 0.396875 0.03125 0.0546875
1 0.3734375 0.415625 0.0234375 0.0328125
1 0.365625 0.36875 0.03125 0.03125
1 0.39375 0.378125 0.0203125 0.028125
1 0.334375 0.45625 0.046875 0.0515625
1 0.271875 0.4546875 0.0453125 0.0546875
1 0.278125 0.490625 0.053125 0.01875
1 0.3625 0.496875 0.034375 0.0078125
1 0.3703125 0.484375 0.0375 0.0203125
1 0.403125 0.4828125 0.028125 0.034375
1 0.440625 0.478125 0.0390625 0.0421875
1 0.46875 0.490625 0.01875 0.0171875
1 0.471875 0.4375 0.03125 0.0421875
1 0.48125 0.478125 0.0359375 0.0421875
1 0.184375 0.340625 0.021875 0.0234375
1 0.190625 0.3703125 0.01875 0.03125
1 0.2125 0.375 0.015625 0.0234375
1 0.071875 0.365625 0.034375 0.0546875
1 0.134375 0.3828125 0.028125 0.0609375
1 0.103125 0.409375 0.0359375 0.059375
1 0.0046875 0.296875 0.009375 0.021875
1 0.003125 0.290625 0.00625 0.015625
1 0.0046875 0.296875 0.009375 0.0265625
1 0.00625 0.2265625 0.0109375 0.028125
1 0.0046875 0.234375 0.009375 0.0234375
1 0.0046875 0.25625 0.009375 0.021875
1 0.05625 0.278125 0.021875 0.015625
1 0.00625 0.26875 0.0125 0.028125
1 0.003125 0.2109375 0.00625 0.028125
1 0.003125 0.2078125 0.00625 0.009375
1 0.003125 0.1875 0.00625 0.0171875
1 0.00625 0.065625 0.0109375 0.0328125
1 0.578125 0.30625 0.0296875 0.0984375
1 0.5171875 0.39375 0.0265625 0.078125
1 0.590625 0.446875 0.0421875 0.090625
1 0.69375 0.459375 0.0484375 0.0796875
1 0.521875 0.184375 0.025 0.0796875
1 0.5078125 0.4046875 0.015625 0.075
1 0.6109375 0.2703125 0.0296875 0.090625
1 0.81875 0.24375 0.03125 0.0953125
1 0.5046875 0.0765625 0.009375 0.05
1 0.509375 0.471875 0.01875 0.0578125
1 0.8171875 0.43125 0.025 0.065625
1 0.88125 0.3171875 0.034375 0.0796875
1 0.6390625 0.4 0.034375 0.0984375
1 0.8484375 0.2484375 0.028125 0.096875
1 0.8375 0.171875 0.0203125 0.071875
1 0.81875 0.478125 0.0359375 0.04375
1 0.684375 0.25 0.0234375 0.0734375
1 0.50625 0.396875 0.0125 0.0953125
1 0.9921875 0.459375 0.015625 0.0828125
1 0.7734375 0.134375 0.01875 0.053125
1 0.5765625 0.1953125 0.0234375 0.08125
1 0.9625 0.425 0.025 0.0640625
1 0.75625 0.240625 0.0234375 0.0671875
1 0.78125 0.35625 0.0265625 0.0796875
1 0.896875 0.484375 0.0546875 0.0296875
1 0.9375 0.196875 0.0265625 0.075
1 0.9625 0.478125 0.0359375 0.0453125
1 0.5078125 0.3296875 0.015625 0.078125
1 0.653125 0.459375 0.025 0.078125
1 0.575 0.0875 0.021875 0.0625
1 0.99375 0.0984375 0.0125 0.05625
1 0.865625 0.4125 0.03125 0.0984375
1 0.98125 0.15625 0.0359375 0.08125
1 0.996875 0.284375 0.0046875 0.0578125
1 0.83125 0.0359375 0.0234375 0.071875
1 0.54375 0.465625 0.0265625 0.06875
1 0.9390625 0.378125 0.03125 0.084375
1 0.953125 0.25625 0.0234375 0.0796875
1 0.50625 0.3484375 0.0140625 0.08125
1 0.709375 0.059375 0.0234375 0.06875
1 0.734375 0.0140625 0.015625 0.028125
1 0.671875 0.184375 0.01875 0.0671875
1 0.509375 0.4765625 0.0171875 0.046875
1 0.50625 0.2375 0.0125 0.0765625
1 0.509375 0.41875 0.01875 0.0921875
1 0.69375 0.3171875 0.0265625 0.0875
1 0.50625 0.10625 0.0109375 0.06875
1 0.665625 0.3078125 0.025 0.0703125
1 0.775 0.446875 0.0484375 0.1078125
1 0.50625 0.40625 0.0140625 0.0921875
1 0.98125 0.35 0.025 0.0765625
1 0.50625 0.446875 0.0125 0.075
1 0.55625 0.171875 0.021875 0.0703125
1 0.65625 0.121875 0.025 0.0671875
1 0.634375 0.3265625 0.0328125 0.075
1 0.828125 0.3203125 0.0375 0.1046875
1 0.9046875 0.3890625 0.0328125 0.090625
1 0.94375 0.128125 0.0203125 0.0640625
1 0.50625 0.2359375 0.0140625 0.090625
1 0.7375 0.2875 0.0265625 0.078125
1 0.6125 0.046875 0.0203125 0.0609375
1 0.9125 0.021875 0.01875 0.0421875
1 0.5046875 0.0125 0.009375 0.025
1 0.678125 0.084375 0.0171875 0.0703125
1 0.50625 0.3 0.0109375 0.0640625
1 0.5859375 0.034375 0.021875 0.06875
1 0.50625 0.18125 0.0109375 0.0640625
1 0.5046875 0.05 0.009375 0.06875
1 0.50625 0.346875 0.0140625 0.05625
1 0.50625 0.3234375 0.0125 0.05625
1 0.9625 0.084375 0.0171875 0.0546875
1 0.8875 0.021875 0.021875 0.04375
1 0.84375 0.465625 0.025 0.0703125
1 0.975 0.015625 0.0234375 0.0296875
1 0.55 0.384375 0.0234375 0.0859375
1 0.6515625 0.259375 0.0265625 0.0640625
1 0.50625 0.4796875 0.0140625 0.040625
1 0.5046875 0.071875 0.009375 0.0578125
1 0.503125 0.01875 0.0078125 0.0375
1 0.6859375 0.15 0.021875 0.0703125
1 0.50625 0.171875 0.0109375 0.0703125
1 0.96875 0.0109375 0.0203125 0.021875
1 0.85625 0.015625 0.0203125 0.03125
1 0.50625 0.4375 0.0125 0.065625
1 0.715625 0.38125 0.0328125 0.1
1 0.996875 0.325 0.0046875 0.05
1 0.934375 0.4546875 0.0234375 0.071875
1 0.6578125 0.025 0.021875 0.05
1 0.9234375 0.1328125 0.0203125 0.059375
1 0.9 0.190625 0.01875 0.0515625
1 0.540625 0.125 0.0234375 0.05625
1 0.703125 0.2109375 0.0234375 0.075
1 0.5765625 0.390625 0.0296875 0.078125
1 0.6 0.0125 0.0171875 0.025
1 0.5125 0.44375 0.0234375 0.1125
1 0.625 0.1625 0.028125 0.1
1 0.64375 0.2265625 0.021875 0.0625
1 0.784375 0.2578125 0.0171875 0.0796875
1 0.9015625 0.265625 0.0203125 0.0625
1 0.9171875 0.309375 0.0234375 0.0609375
1 0.9890625 0.24375 0.021875 0.078125
1 0.9421875 0.03125 0.025 0.0609375
1 0.89375 0.14375 0.0234375 0.0609375
1 0.8625 0.096875 0.025 0.071875
1 0.975 0.0328125 0.015625 0.0578125
1 0.5125 0.259375 0.021875 0.0609375
1 0.540625 0.2828125 0.03125 0.1046875
1 0.50625 0.30625 0.0109375 0.0734375
1 0.509375 0.2125 0.0171875 0.096875
1 0.509375 0.225 0.01875 0.0984375
1 0.24375 0.75 0.4875 0.5
1 0.0125 0.90625 0.025 0.0703125
1 0.9609375 0.7453125 0.078125 0.490625
1 0.603125 0.75 0.1234375 0.4984375
1 0.865625 0.7453125 0.0984375 0.490625
1 0.771875 0.784375 0.1109375 0.43125
1 0.5265625 0.75 0.053125 0.5