1 0.2390625 0.15 0.1578125 0.2984375
1 0.0515625 0.125 0.1015625 0.2484375
1 0.08125 0.353125 0.0546875 0.2234375
1 0.1296875 0.265625 0.0609375 0.425
1 0.1625 0.365625 0.0375 0.1296875
1 0.190625 0.3546875 0.0328125 0.1203125
1 0.234375 0.3625 0.0421875 0.1125
1 0.26875 0.3890625 0.040625 0.1875
1 0.340625 0.3625 0.078125 0.4046875
1 0.384375 0.346875 0.0671875 0.31875
1 0.4515625 0.29375 0.0734375 0.365625
1 0.440625 0.0625 0.0578125 0.125
1 0.578125 0.0984375 0.059375 0.196875
1 0.534375 0.415625 0.071875 0.3734375
1 0.58125 0.41875 0.0625 0.3953125
1 0.63125 0.35625 0.071875 0.38125
1 0.659375 0.06875 0.0578125 0.1375
1 0.7 0.240625 0.071875 0.346875
1 0.7984375 0.3328125 0.134375 0.5125
1 0.9078125 0.41875 0.084375 0.4359375
1 0.971875 0.38125 0.05625 0.428125