1 0.990625 0.153125 0.01875 0.0796875
1 0.9 0.2953125 0.040625 0.1125
1 0.903125 0.3921875 0.028125 0.0859375
1 0.8 0.309375 0.01875 0.06796875
1 0.8625 0.2625 0.028125 0.078125
1 0.903125 0.1921875 0.0359375 0.0765625
1 0.940625 0.03125 0.0390625 0.0625
1 0.796875 0.4046875 0.0125 0.121875
1 0.98125 0.1265625 0.0359375 0.0875
1 0.9375 0.25 0.03203125 0.08046875
1 0.796875 0.2453125 0.0125 0.075
1 0.96875 0.428125 0.04296875 0.109375
1 0.99375 0.3125 0.0125 0.0734375
1 0.965625 0.340625 0.040625 0.10625
1 0.8625 0.3375 0.034375 0.075
1 0.9578125 0.1875 0.025 0.0625
1 0.8703125 0.4265625 0.0375 0.10859375
1 0.8296875 0.2265625 0.03125 0.1046875
1 0.9 0.065625 0.03671875 0.09453125
1 0.821875 0.35 0.03203125 0.08671875
1 0.990625 0.39375 0.01875 0.10703125
1 0.815625 0.4171875 0.025 0.06875
1 0.96875 0.265625 0.03125 0.065625
1 0.99375 0.3546875 0.0125 0.1
1 0.828125 0.0203125 0.04296875 0.040625
1 0.9875 0.2234375 0.0234375 0.05625
1 0.99375 0.25 0.01171875 0.053125
1 0.796875 0.115625 0.0125 0.0578125
1 0.8203125 0.14375 0.0265625 0.053125
1 0.984375 0.0578125 0.03125 0.053125
1 0.9234375 0.484375 0.04375 0.109375
1 0.8625 0.0515625 0.0453125 0.103125
1 0.9359375 0.371875 0.025 0.09296875
1 0.99375 0.203125 0.0125 0.0546875
1 0.86875 0.18125 0.02421875 0.059375
1 0.2765625 0.290625 0.4625 0.496875
1 0.771875 0.153125 0.0375 0.16328125
1 0.753125 0.159375 0.0734375 0.1828125
1 0.58125 0.1625 0.071875 0.15703125
1 0.6625 0.15 0.0984375 0.1546875
1 0.89375 0.76875 0.20703125 0.46171875
1 0.415625 0.9078125 0.128125 0.16640625