1 0.853125 0.1328125 0.29375 0.265625
1 0.34375 0.259375 0.17421875 0.50078125
1 0.6 0.715625 0.03828125 0.228125
1 0.828125 0.765625 0.34296875 0.46796875
1 0.525 0.81875 0.1140625 0.3609375
1 0.515625 0.6 0.13125 0.1828125
1 0.3140625 0.6 0.184375 0.18125
1 0.0875 0.86875 0.14453125 0.26171875
1 0.309375 0.828125 0.23828125 0.34375
1 0.10625 0.6125 0.16796875 0.20546875
1 0.55 0.825 0.06328125 0.35
1 0.546875 0.60625 0.06875 0.1921875
1 0.5109375 0.8375 0.115625 0.325
1 0.559375 0.60625 0.0421875 0.1953125