1 0.2765625 0.46875 0.35625 0.371875
1 0.915625 0.64375 0.021875 0.05
1 0.8984375 0.64375 0.01640625 0.05546875
1 0.884375 0.63125 0.0125 0.04375
1 0.871875 0.634375 0.0171875 0.0671875
1 0.8578125 0.6375 0.01640625 0.059375
1 0.8375 0.621875 0.025 0.0484375
1 0.81875 0.6203125 0.0171875 0.028125
1 0.784375 0.640625 0.0328125 0.0484375
1 0.75625 0.634375 0.03046875 0.05
1 0.7375 0.63125 0.0125 0.0328125
1 0.71875 0.625 0.028125 0.05078125
1 0.6890625 0.64375 0.03125 0.04375
1 0.646875 0.6375 0.04453125 0.05
1 0.609375 0.621875 0.0265625 0.0296875
1 0.471875 0.646875 0.03125 0.028125