1 0.7234375 0.46875 0.35625 0.371875
1 0.084375 0.64375 0.021875 0.05
1 0.1015625 0.64375 0.0171875 0.0546875
1 0.115625 0.63125 0.0125 0.04375
1 0.128125 0.634375 0.0171875 0.0671875
1 0.1421875 0.6375 0.0171875 0.059375
1 0.1625 0.621875 0.025 0.0484375
1 0.18125 0.6203125 0.0171875 0.028125
1 0.215625 0.640625 0.0328125 0.0484375
1 0.24375 0.634375 0.0296875 0.05
1 0.2625 0.63125 0.0125 0.0328125
1 0.28125 0.625 0.028125 0.0515625
1 0.3109375 0.64375 0.03125 0.04375
1 0.353125 0.6375 0.0453125 0.05
1 0.390625 0.621875 0.0265625 0.0296875
1 0.528125 0.646875 0.03125 0.028125