1 0.990625 0.01875 0.01875 0.0375
1 0.990625 0.028125 0.01875 0.05625
1 0.99375 0.021875 0.0125 0.0421875
1 0.99375 0.3375 0.0125 0.06171875
1 0.990625 0.015625 0.01875 0.03125
1 0.9921875 0.359375 0.015625 0.0875
1 0.99375 0.01875 0.0125 0.0375
1 0.99375 0.015625 0.0125 0.03046875
1 0.990625 0.01875 0.01796875 0.0375
1 0.990625 0.025 0.01875 0.0484375
1 0.990625 0.025 0.01875 0.05
1 0.990625 0.025 0.01796875 0.05
1 0.990625 0.03125 0.01875 0.06171875
1 0.990625 0.021875 0.0171875 0.0421875
1 0.9921875 0.01875 0.015625 0.0375
1 0.99375 0.01875 0.0125 0.0359375
1 0.990625 0.0265625 0.01875 0.053125
1 0.99375 0.01875 0.0125 0.0359375
1 0.990625 0.0265625 0.01875 0.053125
1 0.9875 0.0453125 0.025 0.090625
1 0.9875 0.3765625 0.025 0.090625
1 0.9921875 0.01875 0.015625 0.03671875
1 0.990625 0.365625 0.0171875 0.08125
1 0.778125 0.015625 0.0234375 0.03125
1 0.99375 0.015625 0.0125 0.0296875
1 0.990625 0.0265625 0.01875 0.053125
1 0.99375 0.025 0.0125 0.05
1 0.990625 0.028125 0.01875 0.05546875
1 0.990625 0.0234375 0.01796875 0.046875
1 0.9875 0.028125 0.025 0.05625
1 0.9171875 0.015625 0.025 0.03125
1 0.99375 0.01875 0.0125 0.0375
1 0.9953125 0.0140625 0.009375 0.028125
1 0.9921875 0.021875 0.015625 0.04296875
1 0.99375 0.01875 0.0125 0.0375
1 0.990625 0.0265625 0.01875 0.053125
1 0.978125 0.021875 0.03046875 0.04375
1 0.96875 0.0234375 0.0375 0.046875
1 0.99375 0.015625 0.0125 0.03125
1 0.878125 0.021875 0.03046875 0.04296875
1 0.99375 0.015625 0.0125 0.03125
1 0.990625 0.021875 0.01875 0.04375
1 0.99375 0.025 0.0125 0.0484375
1 0.99375 0.01875 0.0125 0.0375
1 0.990625 0.2578125 0.0171875 0.071875
1 0.99375 0.025 0.0125 0.05
1 0.990625 0.0203125 0.01875 0.040625
1 0.9890625 0.05 0.021875 0.1
1 0.99375 0.0140625 0.0125 0.028125
1 0.9953125 0.0125 0.009375 0.025
1 0.99375 0.0125 0.01171875 0.025
1 0.99375 0.0125 0.0109375 0.025
1 0.71875 0.0125 0.01796875 0.02421875
1 0.9890625 0.03125 0.021875 0.0625
1 0.990625 0.01875 0.01875 0.0375
1 0.99375 0.0140625 0.0125 0.028125
1 0.925 0.0171875 0.025 0.034375
1 0.9953125 0.0140625 0.009375 0.028125
1 0.9921875 0.190625 0.015625 0.0609375
1 0.990625 0.03125 0.01875 0.0625
1 0.99375 0.0125 0.0109375 0.025
1 0.99375 0.01875 0.0125 0.0375
1 0.95 0.0234375 0.0265625 0.046875
1 0.9953125 0.0078125 0.009375 0.015625
1 0.9890625 0.0515625 0.021875 0.103125
1 0.9875 0.0359375 0.025 0.071875
1 0.99375 0.3 0.0125 0.05703125
1 0.99375 0.0125 0.0125 0.025
1 0.9921875 0.15625 0.015625 0.053125
1 0.7578125 0.009375 0.015625 0.01875
1 0.846875 0.0296875 0.0359375 0.059375
1 0.9921875 0.021875 0.015625 0.04296875
1 0.9875 0.0125 0.025 0.025
1 0.990625 0.0125 0.01875 0.025
1 0.99375 0.134375 0.0109375 0.059375
1 0.98125 0.0140625 0.02421875 0.028125
1 0.7375 0.0125 0.01875 0.025
1 0.990625 0.059375 0.01875 0.1171875
1 0.9890625 0.03125 0.021875 0.0625
1 0.99375 0.021875 0.01171875 0.04375
1 0.9671875 0.025 0.04375 0.04921875
1 0.890625 0.009375 0.0265625 0.01875
1 0.99375 0.0125 0.0125 0.025
1 0.99375 0.0140625 0.0109375 0.028125
1 0.309375 0.415625 0.06875 0.0296875
1 0.825 0.71484375 0.35 0.5703125
1 0.928125 0.775 0.14375 0.44921875
1 0.978125 0.93984375 0.04375 0.1203125
1 0.09375 0.50625 0.1875 0.1515625
1 0.5609375 0.8 0.178125 0.39921875
1 0.571875 0.546875 0.15546875 0.234375
1 0.315625 0.571875 0.24296875 0.284375
1 0.28203125 0.83984375 0.3203125 0.3203125