1 0.0859375 0.209375 0.171875 0.3796875
1 0.9375 0.05 0.0921875 0.1
1 0.928125 0.29375 0.14375 0.2109375
1 0.809375 0.271875 0.10625 0.25625
1 0.834375 0.0796875 0.090625 0.159375
1 0.94921875 0.1046875 0.1015625 0.209375
1 0.5609375 0.1125 0.178125 0.2234375
1 0.5109375 0.3390625 0.084375 0.121875
1 0.5125 0.16875 0.0875 0.3375
1 0.85 0.059375 0.1078125 0.1171875
1 0.484375 0.04375 0.03125 0.0875
1 0.49375 0.0453125 0.0484375 0.090625
1 0.49375 0.046875 0.0515625 0.09375
1 0.484375 0.03125 0.0296875 0.0625
1 0.4828125 0.028125 0.028125 0.05625
1 0.48125 0.05625 0.025 0.1125
1 0.48125 0.0296875 0.0265625 0.059375
1 0.234375 0.659375 0.46875 0.5203125
1 0.53125 0.5875 0.1265625 0.375
1 0.64375 0.6 0.2734375 0.3984375
1 0.50625 0.5625 0.0765625 0.3265625
1 0.740625 0.6125 0.0828125 0.16875
1 0.8375 0.646875 0.109375 0.2171875
1 0.9421875 0.68125 0.115625 0.5625