1 0.2 0.421875 0.4 0.35703125
1 0.7875 0.2625 0.1171875 0.1234375
1 0.6328125 0.92734375 0.19375 0.1453125
1 0.578125 0.7578125 0.12578125 0.13125
1 0.865625 0.7109375 0.096875 0.109375
1 0.615625 0.64375 0.11171875 0.08671875
1 0.928125 0.640625 0.08046875 0.08203125
1 0.7125 0.65625 0.0671875 0.071875
1 0.4375 0.9015625 0.075 0.1
1 0.465625 0.9515625 0.13046875 0.096875
1 0.4453125 0.9109375 0.090625 0.153125
1 0.434375 0.8296875 0.06875 0.103125
1 0.4328125 0.7203125 0.065625 0.171875
1 0.4515625 0.815625 0.103125 0.140625
1 0.459375 0.615625 0.0796875 0.03125
1 0.425 0.646875 0.05 0.0953125
1 0.528125 0.696875 0.05 0.10546875
1 0.784375 0.6265625 0.1046875 0.053125
1 0.803125 0.640625 0.11328125 0.08125
1 0.4234375 0.7546875 0.046875 0.16875
1 0.4328125 0.753125 0.065625 0.171875
1 0.4328125 0.634375 0.065625 0.0703125
1 0.421875 0.615625 0.04453125 0.03203125
1 0.5484375 0.615625 0.06875 0.03125
1 0.5703125 0.6125 0.053125 0.025