1 0.875 0.259375 0.25 0.51875
1 0.45 0.259375 0.43828125 0.51875
1 0.875 0.7875 0.25 0.425
1 0.05 0.7765625 0.0515625 0.1375
1 0.24375 0.6953125 0.10625 0.203125
1 0.5875 0.7546875 0.090625 0.146875
1 0.3875 0.88359375 0.09375 0.2328125
1 0.328125 0.8921875 0.09921875 0.21484375
1 0.209375 0.85625 0.09375 0.178125
1 0.140625 0.81875 0.0625 0.184375
1 0.71875 0.934375 0.0609375 0.1015625
1 0.0625 0.940625 0.04453125 0.059375
1 0.103125 0.965625 0.028125 0.0625
1 0.175 0.965625 0.0359375 0.046875
1 0.2703125 0.978125 0.03125 0.04375
1 0.2484375 0.99375 0.01875 0.0109375
1 0.4375 0.990625 0.0390625 0.0171875
1 0.628125 0.93125 0.0671875 0.1359375
1 0.5421875 0.928125 0.121875 0.14375