1 0.125 0.259375 0.25 0.51875
1 0.55 0.259375 0.4390625 0.51875
1 0.125 0.7875 0.25 0.425
1 0.95 0.7765625 0.0515625 0.1375
1 0.75625 0.6953125 0.10625 0.203125
1 0.4125 0.7546875 0.090625 0.146875
1 0.6125 0.88359375 0.09375 0.2328125
1 0.671875 0.8921875 0.0984375 0.2140625
1 0.790625 0.85625 0.09375 0.178125
1 0.859375 0.81875 0.0625 0.184375
1 0.28125 0.934375 0.0609375 0.1015625
1 0.9375 0.940625 0.0453125 0.059375
1 0.896875 0.965625 0.028125 0.0625
1 0.825 0.965625 0.0359375 0.046875
1 0.7296875 0.978125 0.03125 0.04375
1 0.7515625 0.99375 0.01875 0.0109375
1 0.5625 0.990625 0.0390625 0.0171875
1 0.371875 0.93125 0.0671875 0.1359375
1 0.4578125 0.928125 0.121875 0.14375