1 0.2140625 0.225 0.321875 0.45
1 0.6328125 0.33125 0.446875 0.2375
1 0.43125 0.6625 0.04453125 0.27421875
1 0.8421875 0.490625 0.06875 0.08046875
1 0.596875 0.546875 0.078125 0.1625
1 0.83125 0.534375 0.0890625 0.1703125
1 0.5328125 0.4859375 0.053125 0.071875
1 0.4921875 0.475 0.059375 0.05078125
1 0.8953125 0.55 0.065625 0.1984375
1 0.7046875 0.478125 0.059375 0.05546875
1 0.6453125 0.475 0.046875 0.04921875
1 0.953125 0.46875 0.03828125 0.03828125
1 0.4375 0.484375 0.05625 0.06796875
1 0.6828125 0.553125 0.15625 0.2046875
1 0.421875 0.7109375 0.0265625 0.171875
1 0.4703125 0.478125 0.04375 0.05625
1 0.496875 0.484375 0.034375 0.06796875
1 0.5953125 0.478125 0.0375 0.05625
1 0.98125 0.553125 0.034375 0.20625
1 0.965625 0.46875 0.0390625 0.0375
1 0.98984375 0.4890625 0.0203125 0.078125