1 0.7859375 0.225 0.321875 0.45
1 0.3671875 0.33125 0.446875 0.2375
1 0.56875 0.6625 0.0453125 0.2734375
1 0.1578125 0.490625 0.06875 0.08046875
1 0.403125 0.546875 0.078125 0.1625
1 0.16875 0.534375 0.08828125 0.16953125
1 0.4671875 0.4859375 0.053125 0.071875
1 0.5078125 0.475 0.059375 0.05078125
1 0.1046875 0.55 0.065625 0.19921875
1 0.2953125 0.478125 0.059375 0.05546875
1 0.3546875 0.475 0.046875 0.04921875
1 0.046875 0.46875 0.0390625 0.0390625
1 0.5625 0.484375 0.05625 0.06796875
1 0.3171875 0.553125 0.15625 0.2046875
1 0.578125 0.7109375 0.02578125 0.171875
1 0.5296875 0.478125 0.04375 0.05625
1 0.503125 0.484375 0.034375 0.0671875
1 0.4046875 0.478125 0.0375 0.05625
1 0.01875 0.553125 0.034375 0.20625
1 0.034375 0.46875 0.03828125 0.0375
1 0.01015625 0.4890625 0.0203125 0.078125