1 0.4171875 0.290625 0.125 0.509375
1 0.2375 0.353125 0.2453125 0.5875
1 0.0234375 0.45625 0.046875 0.3890625
1 0.503125 0.5640625 0.0453125 0.171875
1 0.525 0.078125 0.0890625 0.1546875
1 0.50625 0.071875 0.053125 0.14375
1 0.503125 0.221875 0.0453125 0.1921875
1 0.509375 0.1875 0.0609375 0.2171875
1 0.671875 0.2375 0.178125 0.3453125
1 0.88125 0.065625 0.1703125 0.13125
1 0.8625 0.159375 0.1765625 0.3171875
1 0.50625 0.4109375 0.053125 0.234375
1 0.5 0.5625 0.0421875 0.175
1 0.803125 0.36875 0.0640625 0.1765625
1 0.9109375 0.384375 0.096875 0.1828125
1 0.7765625 0.4875 0.1046875 0.1921875
1 0.8625 0.521875 0.0609375 0.128125
1 0.834375 0.60625 0.0578125 0.0859375
1 0.9828125 0.421875 0.034375 0.2296875
1 0.984375 0.5875 0.0296875 0.1203125
1 0.5265625 0.73125 0.09375 0.1609375