1 0.196875 0.21875 0.1734375 0.4375
1 0.446875 0.090625 0.034375 0.18125
1 0.49375 0.109375 0.0546875 0.21875
1 0.440625 0.10625 0.021875 0.2125
1 0.7703125 0.059375 0.04375 0.1171875
1 0.665625 0.059375 0.0390625 0.11875
1 0.696875 0.06875 0.034375 0.1234375
1 0.440625 0.0484375 0.0203125 0.096875
1 0.4375 0.0484375 0.0171875 0.096875
1 0.4390625 0.046875 0.01875 0.09375
1 0.440625 0.05625 0.0234375 0.1109375
1 0.559375 0.05625 0.065625 0.1109375
1 0.6171875 0.059375 0.059375 0.1171875
1 0.7625 0.05 0.0671875 0.1
1 0.8765625 0.0390625 0.05625 0.078125
1 0.9359375 0.05 0.046875 0.1
1 0.9515625 0.0125 0.025 0.0234375
1 0.984375 0.05 0.0296875 0.0984375
1 0.8234375 0.04375 0.05625 0.0875
1 0.440625 0.028125 0.0203125 0.05625
1 0.440625 0.03125 0.0203125 0.0625
1 0.434375 0.015625 0.009375 0.0296875
1 0.44375 0.021875 0.0265625 0.04375
1 0.440625 0.0265625 0.0203125 0.053125
1 0.440625 0.0421875 0.021875 0.084375
1 0.4625 0.021875 0.0515625 0.0421875
1 0.215625 0.671875 0.4296875 0.4640625
1 0.946875 0.9234375 0.0515625 0.153125
1 0.9734375 0.86875 0.028125 0.09375
1 0.98984375 0.9140625 0.0203125 0.11875
1 0.96875 0.7828125 0.0609375 0.14375
1 0.865625 0.940625 0.046875 0.1171875
1 0.859375 0.865625 0.0265625 0.059375
1 0.8953125 0.8828125 0.053125 0.140625
1 0.7890625 0.98125 0.065625 0.0375
1 0.7734375 0.95 0.0609375 0.08125
1 0.78125 0.8984375 0.028125 0.0578125
1 0.8125 0.9 0.046875 0.1046875
1 0.884375 0.75 0.040625 0.1
1 0.921875 0.78125 0.0359375 0.09375
1 0.9875 0.6875 0.025 0.0703125
1 0.946875 0.7109375 0.040625 0.075
1 0.921875 0.678125 0.0390625 0.08125
1 0.734375 0.878125 0.0421875 0.0828125
1 0.7125 0.959375 0.04375 0.0796875
1 0.6640625 0.9703125 0.046875 0.059375
1 0.6234375 0.971875 0.046875 0.0546875
1 0.64375 0.9140625 0.0359375 0.084375
1 0.6828125 0.853125 0.0390625 0.1140625
1 0.6234375 0.84375 0.0578125 0.0953125
1 0.571875 0.915625 0.0734375 0.16875
1 0.521875 0.946875 0.0328125 0.0890625
1 0.4796875 0.98125 0.040625 0.0375
1 0.4953125 0.909375 0.0359375 0.0921875
1 0.496875 0.83125 0.0546875 0.090625
1 0.4421875 0.75625 0.025 0.115625
1 0.6375 0.746875 0.053125 0.1046875
1 0.671875 0.790625 0.028125 0.0546875
1 0.7140625 0.790625 0.053125 0.1
1 0.7625 0.8 0.05 0.0953125
1 0.7765625 0.846875 0.03125 0.0625
1 0.8234375 0.8125 0.04375 0.11875
1 0.71875 0.7125 0.046875 0.09375
1 0.6921875 0.625 0.0359375 0.109375
1 0.725 0.6296875 0.0390625 0.0859375
1 0.59375 0.703125 0.0390625 0.1453125
1 0.5484375 0.778125 0.040625 0.0796875
1 0.5875 0.78125 0.025 0.0515625
1 0.5859375 0.821875 0.025 0.040625
1 0.628125 0.5984375 0.0421875 0.0765625
1 0.80625 0.503125 0.0453125 0.0921875
1 0.88125 0.66875 0.0421875 0.078125
1 0.965625 0.634375 0.0265625 0.0625