1 0.803125 0.21875 0.17421875 0.4375
1 0.553125 0.090625 0.034375 0.18125
1 0.50625 0.109375 0.0546875 0.21875
1 0.559375 0.10625 0.021875 0.2125
1 0.2296875 0.059375 0.04375 0.11796875
1 0.334375 0.059375 0.03828125 0.11875
1 0.303125 0.06875 0.034375 0.12421875
1 0.559375 0.0484375 0.01953125 0.096875
1 0.5625 0.0484375 0.0171875 0.096875
1 0.5609375 0.046875 0.01875 0.09375
1 0.559375 0.05625 0.0234375 0.1109375
1 0.440625 0.05625 0.065625 0.1109375
1 0.3828125 0.059375 0.059375 0.1171875
1 0.2375 0.05 0.06796875 0.1
1 0.1234375 0.0390625 0.05625 0.078125
1 0.0640625 0.05 0.046875 0.1
1 0.0484375 0.0125 0.025 0.0234375
1 0.015625 0.05 0.03046875 0.09921875
1 0.1765625 0.04375 0.05625 0.0875
1 0.559375 0.028125 0.0203125 0.05625
1 0.559375 0.03125 0.01953125 0.0625
1 0.565625 0.015625 0.009375 0.03046875
1 0.55625 0.021875 0.0265625 0.04375
1 0.559375 0.0265625 0.0203125 0.053125
1 0.559375 0.0421875 0.021875 0.084375
1 0.5375 0.021875 0.05078125 0.04296875
1 0.784375 0.671875 0.4296875 0.4640625
1 0.053125 0.9234375 0.0515625 0.153125
1 0.0265625 0.86875 0.028125 0.09375
1 0.01015625 0.9140625 0.0203125 0.11875
1 0.03125 0.7828125 0.0609375 0.14375
1 0.134375 0.940625 0.046875 0.1171875
1 0.140625 0.865625 0.0265625 0.059375
1 0.1046875 0.8828125 0.053125 0.140625
1 0.2109375 0.98125 0.065625 0.0375
1 0.2265625 0.95 0.06015625 0.08125
1 0.21875 0.8984375 0.028125 0.05859375
1 0.1875 0.9 0.046875 0.10546875
1 0.115625 0.75 0.040625 0.1
1 0.078125 0.78125 0.0359375 0.09375
1 0.0125 0.6875 0.025 0.0703125
1 0.053125 0.7109375 0.040625 0.075
1 0.078125 0.678125 0.0390625 0.08125
1 0.265625 0.878125 0.0421875 0.0828125
1 0.2875 0.959375 0.04375 0.0796875
1 0.3359375 0.9703125 0.046875 0.059375
1 0.3765625 0.971875 0.046875 0.0546875
1 0.35625 0.9140625 0.0359375 0.084375
1 0.3171875 0.853125 0.03984375 0.11328125
1 0.3765625 0.84375 0.05859375 0.09453125
1 0.428125 0.915625 0.0734375 0.16875
1 0.478125 0.946875 0.0328125 0.0890625
1 0.5203125 0.98125 0.040625 0.0375
1 0.5046875 0.909375 0.03515625 0.09296875
1 0.503125 0.83125 0.0546875 0.090625
1 0.5578125 0.75625 0.025 0.115625
1 0.3625 0.746875 0.053125 0.10546875
1 0.328125 0.790625 0.028125 0.05546875
1 0.2859375 0.790625 0.053125 0.1
1 0.2375 0.8 0.05 0.09453125
1 0.2234375 0.846875 0.03125 0.0625
1 0.1765625 0.8125 0.04375 0.11875
1 0.28125 0.7125 0.046875 0.09375
1 0.3078125 0.625 0.03515625 0.109375
1 0.275 0.6296875 0.0390625 0.0859375
1 0.40625 0.703125 0.0390625 0.1453125
1 0.4515625 0.778125 0.040625 0.08046875
1 0.4125 0.78125 0.025 0.0515625
1 0.4140625 0.821875 0.025 0.040625
1 0.371875 0.5984375 0.0421875 0.0765625
1 0.19375 0.503125 0.0453125 0.0921875
1 0.11875 0.66875 0.0421875 0.078125
1 0.034375 0.634375 0.0265625 0.0625