1 0.61875 0.2375 0.09921875 0.240625
1 0.696875 0.409375 0.08046875 0.03828125
1 0.55 0.378125 0.0703125 0.1015625
1 0.85625 0.375 0.06953125 0.11171875
1 0.778125 0.40625 0.06875 0.0484375
1 0.98125 0.3921875 0.0375 0.075
1 0.94375 0.303125 0.0828125 0.1625
1 0.98125 0.209375 0.0375 0.20078125
1 0.775 0.225 0.0625 0.196875
1 0.7 0.246875 0.07421875 0.178125
1 0.984375 0.2234375 0.03125 0.20625
1 0.9875 0.378125 0.025 0.10078125
1 0.18125 0.2625 0.3609375 0.3328125
1 0.2625 0.275 0.19453125 0.309375
1 0.5734375 0.840625 0.1953125 0.2015625
1 0.35 0.853125 0.01953125 0.08125
1 0.35625 0.734375 0.01171875 0.04921875
1 0.353125 0.875 0.0171875 0.0734375
1 0.30625 0.9125 0.03671875 0.11875
1 0.3453125 0.90546875 0.03125 0.1890625
1 0.353125 0.940625 0.015625 0.078125
1 0.35390625 0.98359375 0.0171875 0.0328125
1 0.146875 0.625 0.0375 0.1203125
1 0.084375 0.86875 0.03671875 0.121875
1 0.35625 0.740625 0.0109375 0.0625
1 0.35625 0.675 0.009375 0.05546875
1 0.35625 0.803125 0.01171875 0.06953125
1 0.0859375 0.690625 0.028125 0.11171875
1 0.35625 0.8125 0.0109375 0.0625
1 0.353125 0.9125 0.0140625 0.0765625
1 0.325 0.6375 0.02578125 0.07578125
1 0.3546875 0.778125 0.0125 0.0640625
1 0.046875 0.7 0.0375 0.140625
1 0.28125 0.6890625 0.0234375 0.0828125
1 0.24375 0.678125 0.025 0.0765625
1 0.35625 0.853125 0.01171875 0.065625
1 0.3546875 0.66875 0.0125 0.0609375
1 0.321875 0.98125 0.0296875 0.0359375
1 0.353125 0.715625 0.01328125 0.05546875
1 0.3546875 0.909375 0.0125 0.078125
1 0.075 0.75 0.0203125 0.0734375
1 0.196875 0.734375 0.025 0.084375
1 0.3375 0.9875 0.03671875 0.02421875
1 0.353125 0.965625 0.0140625 0.06875
1 0.2875 0.70625 0.028125 0.0875
1 0.21875 0.98984375 0.05625 0.0203125
1 0.009375 0.928125 0.01875 0.14296875
1 0.353125 0.93125 0.0171875 0.0875
1 0.353125 0.80625 0.01796875 0.07578125
1 0.353125 0.7546875 0.0171875 0.10625
1 0.35 0.9140625 0.01953125 0.115625
1 0.35 0.925 0.0203125 0.0984375
1 0.346875 0.84375 0.028125 0.1578125
1 0.3515625 0.790625 0.01875 0.05703125
1 0.296875 0.5390625 0.015625 0.03125
1 0.35625 0.553125 0.00703125 0.01875
1 0.359375 0.553125 0.00546875 0.01953125
1 0.0984375 0.534375 0.02734375 0.04375
1 0.20625 0.55 0.0125 0.01875