1 0.38125 0.2375 0.0984375 0.240625
1 0.303125 0.409375 0.0796875 0.0390625
1 0.45 0.378125 0.0703125 0.1015625
1 0.14375 0.375 0.0703125 0.1109375
1 0.221875 0.40625 0.06875 0.0484375
1 0.01875 0.3921875 0.0375 0.075
1 0.05625 0.303125 0.0828125 0.1625
1 0.01875 0.209375 0.0375 0.2015625
1 0.225 0.225 0.0625 0.196875
1 0.3 0.246875 0.0734375 0.178125
1 0.015625 0.2234375 0.03125 0.20625
1 0.0125 0.378125 0.025 0.1015625
1 0.81875 0.2625 0.3609375 0.3328125
1 0.7375 0.275 0.1953125 0.309375
1 0.4265625 0.840625 0.1953125 0.2015625
1 0.65 0.853125 0.0203125 0.08125
1 0.64375 0.734375 0.0109375 0.0484375
1 0.646875 0.875 0.0171875 0.0734375
1 0.69375 0.9125 0.0359375 0.11875
1 0.6546875 0.90546875 0.03125 0.1890625
1 0.646875 0.940625 0.015625 0.078125
1 0.64609375 0.98359375 0.0171875 0.0328125
1 0.853125 0.625 0.0375 0.1203125
1 0.915625 0.86875 0.0359375 0.121875
1 0.64375 0.740625 0.0109375 0.0625
1 0.64375 0.675 0.009375 0.0546875
1 0.64375 0.803125 0.0109375 0.0703125
1 0.9140625 0.690625 0.028125 0.1109375
1 0.64375 0.8125 0.0109375 0.0625
1 0.646875 0.9125 0.0140625 0.0765625
1 0.675 0.6375 0.0265625 0.0765625
1 0.6453125 0.778125 0.0125 0.0640625
1 0.953125 0.7 0.0375 0.140625
1 0.71875 0.6890625 0.0234375 0.0828125
1 0.75625 0.678125 0.025 0.0765625
1 0.64375 0.853125 0.0109375 0.065625
1 0.6453125 0.66875 0.0125 0.0609375
1 0.678125 0.98125 0.0296875 0.0359375
1 0.646875 0.715625 0.0140625 0.0546875
1 0.6453125 0.909375 0.0125 0.078125
1 0.925 0.75 0.0203125 0.0734375
1 0.803125 0.734375 0.025 0.084375
1 0.6625 0.9875 0.0359375 0.0234375
1 0.646875 0.965625 0.0140625 0.06875
1 0.7125 0.70625 0.028125 0.0875
1 0.78125 0.98984375 0.05625 0.0203125
1 0.990625 0.928125 0.01875 0.1421875
1 0.646875 0.93125 0.0171875 0.0875
1 0.646875 0.80625 0.0171875 0.0765625
1 0.646875 0.7546875 0.0171875 0.10625
1 0.65 0.9140625 0.0203125 0.115625
1 0.65 0.925 0.0203125 0.0984375
1 0.653125 0.84375 0.028125 0.1578125
1 0.6484375 0.790625 0.01875 0.0578125
1 0.703125 0.5390625 0.015625 0.03125
1 0.64375 0.553125 0.0078125 0.01875
1 0.640625 0.553125 0.0046875 0.0203125
1 0.9015625 0.534375 0.0265625 0.04375
1 0.79375 0.55 0.0125 0.01875