1 0.7828125 0.178125 0.028125 0.0703125
1 0.2140625 0.5578125 0.0609375 0.2265625
1 0.503125 0.440625 0.059375 0.11875
1 0.7796875 0.103125 0.034375 0.07421875
1 0.39375 0.459375 0.0375 0.09921875
1 0.8625 0.2 0.021875 0.04453125
1 0.021875 0.5671875 0.03828125 0.10234375
1 0.8140625 0.140625 0.025 0.075
1 0.084375 0.5109375 0.04375 0.090625
1 0.978125 0.065625 0.04375 0.0609375
1 0.4375 0.43125 0.0359375 0.115625
1 0.34375 0.4703125 0.0359375 0.134375
1 0.95 0.415625 0.03203125 0.121875
1 0.09375 0.6015625 0.05 0.153125
1 0.134375 0.5453125 0.040625 0.1359375
1 0.821875 0.4921875 0.05703125 0.11640625
1 0.55 0.240625 0.0296875 0.0453125
1 0.4796875 0.7515625 0.09765625 0.23984375
1 0.225 0.375 0.028125 0.06796875
1 0.553125 0.353125 0.0359375 0.0765625
1 0.975 0.1640625 0.0296875 0.09375
1 0.9078125 0.06875 0.0375 0.05703125
1 0.8390625 0.15 0.03125 0.0640625
1 0.925 0.14375 0.01953125 0.059375
1 0.559375 0.51875 0.08046875 0.15625
1 0.4109375 0.571875 0.07109375 0.178125
1 0.0671875 0.434375 0.034375 0.05703125
1 0.9546875 0.215625 0.04609375 0.09921875
1 0.890625 0.2390625 0.0296875 0.0609375
1 0.715625 0.565625 0.06953125 0.20625
1 0.6375 0.521875 0.06875 0.17421875
1 0.275 0.409375 0.0625 0.265625
1 0.86875 0.559375 0.075 0.1484375
1 0.803125 0.6859375 0.08203125 0.16015625
1 0.89375 0.78125 0.078125 0.20078125
1 0.871875 0.346875 0.0546875 0.26875
1 0.815625 0.29375 0.0484375 0.2203125
1 0.2125 0.24375 0.04375 0.0953125
1 0.171875 0.85546875 0.153125 0.2890625
1 0.6375 0.7640625 0.0625 0.196875
1 0.559375 0.74375 0.0734375 0.1796875
1 0.965625 0.765625 0.06796875 0.20625
1 0.971875 0.5546875 0.05546875 0.21015625
1 0.3984375 0.359375 0.0390625 0.1375
1 0.34375 0.35 0.03125 0.1328125
1 0.503125 0.34375 0.03828125 0.10078125