1 0.2171875 0.178125 0.028125 0.06953125
1 0.7859375 0.5578125 0.0609375 0.2265625
1 0.496875 0.440625 0.059375 0.11875
1 0.2203125 0.103125 0.034375 0.07421875
1 0.60625 0.459375 0.0375 0.09921875
1 0.1375 0.2 0.021875 0.0453125
1 0.978125 0.5671875 0.0390625 0.1015625
1 0.1859375 0.140625 0.025 0.075
1 0.915625 0.5109375 0.04375 0.090625
1 0.021875 0.065625 0.04375 0.06171875
1 0.5625 0.43125 0.0359375 0.115625
1 0.65625 0.4703125 0.03671875 0.134375
1 0.05 0.415625 0.03203125 0.121875
1 0.90625 0.6015625 0.05 0.153125
1 0.865625 0.5453125 0.040625 0.13515625
1 0.178125 0.4921875 0.0578125 0.1171875
1 0.45 0.240625 0.03046875 0.04453125
1 0.5203125 0.7515625 0.09765625 0.23984375
1 0.775 0.375 0.028125 0.0671875
1 0.446875 0.353125 0.0359375 0.0765625
1 0.025 0.1640625 0.0296875 0.09375
1 0.0921875 0.06875 0.0375 0.0578125
1 0.1609375 0.15 0.03125 0.06328125
1 0.075 0.14375 0.01953125 0.059375
1 0.440625 0.51875 0.0796875 0.15625
1 0.5890625 0.571875 0.07109375 0.178125
1 0.9328125 0.434375 0.034375 0.0578125
1 0.0453125 0.215625 0.04609375 0.09921875
1 0.109375 0.2390625 0.03046875 0.06015625
1 0.284375 0.565625 0.0703125 0.20625
1 0.3625 0.521875 0.06875 0.17421875
1 0.725 0.409375 0.0625 0.265625
1 0.13125 0.559375 0.075 0.1484375
1 0.196875 0.6859375 0.0828125 0.1609375
1 0.10625 0.78125 0.078125 0.2015625
1 0.128125 0.346875 0.05546875 0.26875
1 0.184375 0.29375 0.04921875 0.21953125
1 0.7875 0.24375 0.04375 0.09453125
1 0.828125 0.85546875 0.153125 0.2890625
1 0.3625 0.7640625 0.0625 0.196875
1 0.440625 0.74375 0.07421875 0.18046875
1 0.034375 0.765625 0.0671875 0.20625
1 0.028125 0.5546875 0.05546875 0.21015625
1 0.6015625 0.359375 0.03984375 0.1375
1 0.65625 0.35 0.03125 0.13203125
1 0.496875 0.34375 0.0390625 0.1015625