1 0.553125 0.25 0.0828125 0.4796875
1 0.35 0.25 0.08125 0.4765625
1 0.2625 0.246875 0.0734375 0.4859375
1 0.45 0.2484375 0.1046875 0.48125
1 0.01875 0.24375 0.0359375 0.4875
1 0.025 0.24375 0.05 0.4875
1 0.171875 0.25 0.0859375 0.4796875
1 0.109375 0.259375 0.0828125 0.4609375
1 0.040625 0.24375 0.08125 0.4875
1 0.0203125 0.24375 0.040625 0.4875
1 0.5 0.26875 0.1359375 0.4390625
1 0.015625 0.24375 0.03125 0.4875
1 0.86875 0.19375 0.2359375 0.384375
1 0.471875 0.8203125 0.2546875 0.340625
1 0.82109375 0.74296875 0.3578125 0.5109375
1 0.634375 0.5265625 0.0671875 0.075
1 0.7484375 0.51875 0.0875 0.059375