1 0.446875 0.25 0.0828125 0.4796875
1 0.65 0.25 0.08125 0.4765625
1 0.7375 0.246875 0.07421875 0.48671875
1 0.55 0.2484375 0.1046875 0.48125
1 0.98125 0.24375 0.0359375 0.4875
1 0.975 0.24375 0.05 0.4875
1 0.828125 0.25 0.0859375 0.4796875
1 0.890625 0.259375 0.0828125 0.4609375
1 0.959375 0.24375 0.08125 0.4875
1 0.9796875 0.24375 0.040625 0.4875
1 0.5 0.26875 0.13671875 0.43828125
1 0.984375 0.24375 0.03125 0.4875
1 0.13125 0.19375 0.2359375 0.384375
1 0.528125 0.8203125 0.25546875 0.340625
1 0.17890625 0.74296875 0.3578125 0.5109375
1 0.365625 0.5265625 0.06796875 0.075
1 0.2515625 0.51875 0.0875 0.059375