1 0.090625 0.26875 0.18046875 0.5375
1 0.5 0.3546875 0.16875 0.36875
1 0.8421875 0.25625 0.07109375 0.16875
1 0.2609375 0.340625 0.1625 0.39921875
1 0.65 0.25625 0.0703125 0.2515625
1 0.425 0.071875 0.053125 0.1125
1 0.696875 0.215625 0.0609375 0.1703125
1 0.778125 0.25 0.065625 0.17578125
1 0.8875 0.2625 0.065625 0.1734375
1 0.809375 0.253125 0.08125 0.190625
1 0.9609375 0.275 0.078125 0.196875
1 0.9171875 0.259375 0.078125 0.171875
1 0.0953125 0.565625 0.05625 0.053125
1 0.0140625 0.85 0.028125 0.1
1 0.009375 0.821875 0.01875 0.0875
1 0.009375 0.8421875 0.01875 0.078125
1 0.0125 0.6875 0.025 0.06953125
1 0.0203125 0.871875 0.040625 0.11875
1 0.0125 0.7859375 0.025 0.096875
1 0.009375 0.7875 0.01875 0.071875
1 0.05625 0.69375 0.053125 0.11875
1 0.015625 0.671875 0.0296875 0.0890625
1 0.0125 0.9640625 0.0234375 0.065625
1 0.009375 0.690625 0.01875 0.09296875
1 0.171875 0.684375 0.015625 0.1046875
1 0.009375 0.625 0.01875 0.078125
1 0.009375 0.8046875 0.0171875 0.0625
1 0.009375 0.8546875 0.01796875 0.071875
1 0.0125 0.703125 0.0234375 0.0859375
1 0.021875 0.9609375 0.04375 0.078125
1 0.0125 0.75625 0.025 0.078125
1 0.0140625 0.95234375 0.028125 0.0953125
1 0.0109375 0.8234375 0.021875 0.11875
1 0.125 0.68125 0.05078125 0.08203125
1 0.0109375 0.9375 0.021875 0.125
1 0.009375 0.640625 0.01875 0.0609375
1 0.009375 0.7953125 0.01875 0.08125
1 0.009375 0.7625 0.01875 0.09375
1 0.0921875 0.909375 0.0375 0.0796875
1 0.0515625 0.5671875 0.046875 0.05625
1 0.15 0.609375 0.05625 0.075
1 0.0125 0.821875 0.025 0.11796875
1 0.0234375 0.625 0.040625 0.065625
1 0.0109375 0.6171875 0.021875 0.075
1 0.015625 0.95 0.03125 0.1
1 0.0125 0.61875 0.025 0.08671875
1 0.034375 0.9390625 0.06875 0.121875
1 0.0078125 0.9046875 0.015625 0.059375
1 0.0859375 0.621875 0.0421875 0.0875
1 0.009375 0.575 0.01796875 0.0625
1 0.00625 0.609375 0.0125 0.05703125
1 0.0125 0.95625 0.025 0.0875
1 0.10625 0.759375 0.04375 0.08671875
1 0.0078125 0.759375 0.015625 0.071875
1 0.009375 0.859375 0.01875 0.06796875
1 0.0875 0.803125 0.046875 0.0859375
1 0.0125 0.975 0.025 0.05
1 0.009375 0.6171875 0.01796875 0.0625
1 0.009375 0.6125 0.01796875 0.04453125
1 0.0078125 0.965625 0.015625 0.0671875
1 0.0109375 0.946875 0.021875 0.08203125
1 0.0125 0.5625 0.02421875 0.046875
1 0.009375 0.5734375 0.01796875 0.05625
1 0.0078125 0.684375 0.015625 0.065625
1 0.009375 0.8984375 0.01875 0.075
1 0.1140625 0.971875 0.046875 0.0546875
1 0.00625 0.7625 0.0125 0.059375
1 0.0125 0.921875 0.025 0.10078125
1 0.009375 0.7859375 0.01875 0.08125
1 0.1578125 0.9546875 0.04375 0.090625
1 0.175 0.878125 0.009375 0.0609375
1 0.05625 0.86875 0.04375 0.0796875
1 0.15 0.565625 0.046875 0.053125
1 0.0109375 0.803125 0.021875 0.0796875
1 0.009375 0.828125 0.0171875 0.0671875
1 0.0171875 0.6546875 0.034375 0.109375
1 0.009375 0.74375 0.01875 0.05625
1 0.0125 0.71875 0.025 0.0890625
1 0.0078125 0.7140625 0.015625 0.078125
1 0.009375 0.565625 0.01875 0.05546875
1 0.009375 0.68125 0.0171875 0.125
1 0.1375 0.815625 0.03828125 0.090625
1 0.009375 0.5953125 0.01875 0.06875
1 0.00625 0.8 0.01171875 0.05078125
1 0.009375 0.578125 0.01796875 0.075
1 0.0265625 0.5609375 0.053125 0.04375
1 0.171875 0.56875 0.015625 0.059375
1 0.0078125 0.5546875 0.015625 0.03125
1 0.0078125 0.740625 0.015625 0.0578125
1 0.0078125 0.728125 0.015625 0.05625
1 0.0078125 0.684375 0.015625 0.053125
1 0.00625 0.60625 0.0125 0.0390625
1 0.00625 0.6375 0.0125 0.05625
1 0.00625 0.6265625 0.0125 0.025
1 0.00625 0.6859375 0.0125 0.04375
1 0.00625 0.6796875 0.0125 0.04375
1 0.0046875 0.725 0.009375 0.034375
1 0.009375 0.74375 0.01875 0.03203125
1 0.009375 0.728125 0.0171875 0.040625
1 0.00625 0.690625 0.0125 0.046875
1 0.00625 0.6828125 0.01171875 0.028125
1 0.00625 0.65625 0.0125 0.03671875
1 0.009375 0.6421875 0.01796875 0.028125
1 0.0046875 0.65 0.009375 0.025
1 0.0078125 0.5953125 0.015625 0.0375
1 0.00625 0.58125 0.0125 0.03125
1 0.0046875 0.5625 0.009375 0.0234375
1 0.0078125 0.55625 0.015625 0.03203125
1 0.00625 0.58125 0.0125 0.0203125
1 0.00625 0.565625 0.01171875 0.01953125
1 0.0046875 0.54375 0.009375 0.009375
1 0.009375 0.5625 0.0171875 0.0328125
1 0.00625 0.55625 0.01171875 0.03671875
1 0.0046875 0.55625 0.009375 0.021875
1 0.00625 0.54375 0.0125 0.0109375
1 0.00625 0.546875 0.0125 0.015625
1 0.0046875 0.54375 0.009375 0.0109375
1 0.00625 0.54375 0.0125 0.0109375
1 0.00625 0.546875 0.0109375 0.0140625
1 0.00625 0.546875 0.0125 0.01328125
1 0.00625 0.546875 0.0109375 0.015625
1 0.00625 0.55 0.0125 0.021875
1 0.00625 0.546875 0.01171875 0.01328125
1 0.04375 0.55 0.059375 0.01953125
1 0.009375 0.553125 0.01875 0.028125
1 0.00625 0.553125 0.0125 0.028125
1 0.00625 0.5453125 0.0125 0.0125
1 0.00625 0.55 0.0125 0.01953125
1 0.009375 0.54375 0.0171875 0.009375
1 0.0140625 0.5578125 0.028125 0.0375
1 0.009375 0.546875 0.0171875 0.015625
1 0.009375 0.55625 0.01875 0.034375
1 0.00625 0.55625 0.0125 0.034375
1 0.0078125 0.575 0.015625 0.0484375
1 0.009375 0.575 0.01796875 0.0375
1 0.009375 0.5515625 0.01875 0.025
1 0.00625 0.546875 0.0125 0.015625
1 0.0078125 0.5546875 0.015625 0.03125
1 0.00625 0.546875 0.0125 0.015625
1 0.00625 0.55 0.0125 0.021875
1 0.00625 0.546875 0.01171875 0.015625
1 0.009375 0.55 0.01796875 0.021875
1 0.0046875 0.54375 0.009375 0.01171875
1 0.00625 0.546875 0.0125 0.0171875
1 0.00625 0.546875 0.0125 0.0171875
1 0.00625 0.5453125 0.0125 0.0125
1 0.00625 0.546875 0.0125 0.0171875
1 0.00625 0.54375 0.01171875 0.01171875
1 0.00625 0.55 0.0125 0.02421875
1 0.00625 0.546875 0.0109375 0.015625
1 0.00625 0.546875 0.0125 0.0140625
1 0.00625 0.5453125 0.01171875 0.0125
1 0.00625 0.546875 0.0109375 0.0140625
1 0.009375 0.5546875 0.0171875 0.03125
1 0.003125 0.55 0.00625 0.01875
1 0.003125 0.55 0.00625 0.0171875