1 0.6703125 0.190625 0.659375 0.38046875
1 0.328125 0.071875 0.02578125 0.14296875
1 0.328125 0.071875 0.02578125 0.14375
1 0.0625 0.11875 0.084375 0.2375
1 0.325 0.059375 0.0296875 0.11875
1 0.3234375 0.075 0.034375 0.14921875
1 0.28125 0.059375 0.0765625 0.1171875
1 0.196875 0.053125 0.0515625 0.10625
1 0.14375 0.065625 0.0421875 0.13125
1 0.109375 0.034375 0.034375 0.0671875
1 0.15625 0.04375 0.02578125 0.0875
1 0.203125 0.046875 0.04921875 0.09375
1 0.8796875 0.528125 0.240625 0.296875
1 0.93125 0.840625 0.128125 0.2078125
1 0.646875 0.74375 0.3765625 0.3796875
1 0.11640625 0.571875 0.2328125 0.384375
1 0.30625 0.6515625 0.06953125 0.13125
1 0.3078125 0.63125 0.065625 0.1875
1 0.29375 0.6390625 0.09375 0.165625
1 0.240625 0.65625 0.16328125 0.121875