1 0.4125 0.3296875 0.6515625 0.659375
1 0.05 0.5375 0.0984375 0.24375
1 0.8609375 0.2234375 0.24375 0.446875
1 0.746875 0.0140625 0.0171875 0.028125
1 0.9640625 0.04375 0.071875 0.0859375
1 0.553125 0.796875 0.09375 0.146875
1 0.6 0.715625 0.1265625 0.1125
1 0.084375 0.946875 0.0984375 0.1046875
1 0.4921875 0.878125 0.0671875 0.1328125
1 0.66875 0.8 0.096875 0.2
1 0.2625 0.7953125 0.0921875 0.1296875
1 0.3875 0.7828125 0.090625 0.13125
1 0.03125 0.8875 0.0609375 0.1234375
1 0.3203125 0.715625 0.090625 0.1109375
1 0.2296875 0.709375 0.065625 0.1
1 0.234375 0.675 0.0546875 0.03125
1 0.028125 0.75625 0.034375 0.0875
1 0.3375 0.678125 0.0875 0.0390625
1 0.534375 0.93125 0.04375 0.1
1 0.115625 0.840625 0.065625 0.1453125
1 0.3625 0.9125 0.0546875 0.1265625
1 0.2 0.925 0.0296875 0.084375
1 0.44375 0.7140625 0.0828125 0.109375
1 0.45 0.93671875 0.0625 0.1265625
1 0.28125 0.9609375 0.0234375 0.075
1 0.38125 0.68125 0.0421875 0.0453125
1 0.703125 0.940625 0.0703125 0.11875
1 0.240625 0.9359375 0.0484375 0.128125
1 0.025 0.6796875 0.0484375 0.040625
1 0.29375 0.89375 0.065625 0.1
1 0.478125 0.684375 0.0796875 0.0515625
1 0.0453125 0.7203125 0.0296875 0.0625
1 0.021875 0.759375 0.04375 0.19375
1 0.87109375 0.8296875 0.2578125 0.340625