1 0.3296875 0.190625 0.659375 0.3796875
1 0.671875 0.071875 0.0265625 0.1421875
1 0.671875 0.071875 0.0265625 0.14375
1 0.9375 0.11875 0.084375 0.2375
1 0.675 0.059375 0.0296875 0.11875
1 0.6765625 0.075 0.034375 0.1484375
1 0.71875 0.059375 0.0765625 0.1171875
1 0.803125 0.053125 0.0515625 0.10625
1 0.85625 0.065625 0.0421875 0.13125
1 0.890625 0.034375 0.034375 0.0671875
1 0.84375 0.04375 0.0265625 0.0875
1 0.796875 0.046875 0.0484375 0.09375
1 0.1203125 0.528125 0.240625 0.296875
1 0.06875 0.840625 0.128125 0.2078125
1 0.353125 0.74375 0.3765625 0.3796875
1 0.88359375 0.571875 0.2328125 0.384375
1 0.69375 0.6515625 0.0703125 0.13125
1 0.6921875 0.63125 0.065625 0.1875
1 0.70625 0.6390625 0.09375 0.165625
1 0.759375 0.65625 0.1640625 0.121875