1 0.5875 0.3296875 0.6515625 0.659375
1 0.95 0.5375 0.09921875 0.24375
1 0.1390625 0.2234375 0.24375 0.446875
1 0.253125 0.0140625 0.0171875 0.028125
1 0.0359375 0.04375 0.071875 0.08671875
1 0.446875 0.796875 0.09375 0.146875
1 0.4 0.715625 0.1265625 0.1125
1 0.915625 0.946875 0.0984375 0.1046875
1 0.5078125 0.878125 0.0671875 0.1328125
1 0.33125 0.8 0.096875 0.2
1 0.7375 0.7953125 0.09296875 0.12890625
1 0.6125 0.7828125 0.090625 0.13125
1 0.96875 0.8875 0.0609375 0.1234375
1 0.6796875 0.715625 0.090625 0.11171875
1 0.7703125 0.709375 0.065625 0.1
1 0.765625 0.675 0.05546875 0.03125
1 0.971875 0.75625 0.034375 0.0875
1 0.6625 0.678125 0.0875 0.03828125
1 0.465625 0.93125 0.04375 0.1
1 0.884375 0.840625 0.065625 0.1453125
1 0.6375 0.9125 0.05546875 0.12578125
1 0.8 0.925 0.0296875 0.084375
1 0.55625 0.7140625 0.0828125 0.109375
1 0.55 0.93671875 0.0625 0.1265625
1 0.71875 0.9609375 0.02421875 0.075
1 0.61875 0.68125 0.04296875 0.04453125
1 0.296875 0.940625 0.0703125 0.11875
1 0.759375 0.9359375 0.0484375 0.128125
1 0.975 0.6796875 0.04921875 0.040625
1 0.70625 0.89375 0.065625 0.1
1 0.521875 0.684375 0.08046875 0.05078125
1 0.9546875 0.7203125 0.0296875 0.0625
1 0.978125 0.759375 0.04375 0.19375
1 0.12890625 0.8296875 0.2578125 0.340625