1 0.1796875 0.25 0.359375 0.5
1 0.85859375 0.2921875 0.2828125 0.409375
1 0.5296875 0.103125 0.340625 0.20625
1 0.5234375 0.246875 0.328125 0.4734375
1 0.86484375 0.1078125 0.2703125 0.215625
1 0.2875 0.909375 0.021875 0.065625
1 0.009375 0.821875 0.01796875 0.109375
1 0.00625 0.80625 0.0125 0.0890625
1 0.00625 0.684375 0.0109375 0.084375
1 0.00625 0.696875 0.0125 0.1
1 0.00625 0.746875 0.01171875 0.06328125
1 0.0046875 0.509375 0.009375 0.0203125
1 0.02109375 0.87734375 0.0421875 0.2453125
1 0.00625 0.6640625 0.0125 0.11875
1 0.16171875 0.94296875 0.0359375 0.1140625
1 0.0140625 0.884375 0.028125 0.23046875
1 0.00625 0.6125 0.0125 0.08671875
1 0.00625 0.60625 0.0109375 0.071875
1 0.00625 0.7453125 0.0125 0.09375
1 0.2625 0.915625 0.021875 0.0890625
1 0.01875 0.9375 0.0375 0.12421875
1 0.003125 0.70625 0.00625 0.06875
1 0.003125 0.5828125 0.00625 0.03125
1 0.00625 0.6359375 0.0109375 0.078125
1 0.28125 0.7796875 0.015625 0.04140625
1 0.2875 0.9890625 0.0234375 0.021875
1 0.2109375 0.775 0.0125 0.03671875
1 0.025 0.81875 0.025 0.1
1 0.0796875 0.8125 0.075 0.37421875
1 0.290625 0.940625 0.0125 0.0375
1 0.2140625 0.9390625 0.021875 0.0875
1 0.19375 0.9375 0.01875 0.10546875
1 0.196875 0.8109375 0.009375 0.046875
1 0.2109375 0.8609375 0.00625 0.021875
1 0.196875 0.85 0.009375 0.040625
1 0.23125 0.875 0.0171875 0.0609375
1 0.24375 0.890625 0.015625 0.053125
1 0.234375 0.934375 0.0125 0.03671875
1 0.140625 0.88125 0.028125 0.1234375
1 0.165625 0.90625 0.01875 0.078125
1 0.03125 0.796875 0.06171875 0.40625
1 0.1546875 0.79375 0.02265625 0.09296875
1 0.128125 0.79375 0.009375 0.040625
1 0.134375 0.76875 0.0109375 0.0546875
1 0.178125 0.7796875 0.009375 0.040625
1 0.190625 0.771875 0.01171875 0.03828125
1 0.20625 0.8140625 0.0078125 0.0328125
1 0.21875 0.8046875 0.0125 0.0421875
1 0.228125 0.81875 0.00625 0.02578125
1 0.234375 0.828125 0.0078125 0.015625
1 0.240625 0.8 0.0125 0.053125
1 0.24375 0.85 0.0078125 0.03125
1 0.246875 0.8421875 0.00625 0.03359375
1 0.2625 0.83125 0.0140625 0.0421875
1 0.2765625 0.8296875 0.0109375 0.0515625
1 0.284375 0.83125 0.00703125 0.03046875
1 0.29375 0.8265625 0.01171875 0.04609375
1 0.31875 0.85 0.0078125 0.034375
1 0.3578125 0.8296875 0.003125 0.03125
1 0.3171875 0.790625 0.00859375 0.03671875
1 0.309375 0.78125 0.00703125 0.03046875
1 0.290625 0.7609375 0.00703125 0.021875
1 0.2984375 0.746875 0.00859375 0.025
1 0.325 0.7515625 0.0078125 0.034375
1 0.325 0.7890625 0.00625 0.021875
1 0.3375 0.7984375 0.0078125 0.0234375
1 0.34375 0.796875 0.0078125 0.0265625
1 0.3359375 0.778125 0.00625 0.01875
1 0.3453125 0.7453125 0.00859375 0.02890625
1 0.346875 0.9875 0.0234375 0.025
1 0.3125 0.946875 0.0171875 0.075
1 0.325 0.9453125 0.015625 0.0921875
1 0.35 0.9203125 0.01875 0.078125
1 0.346875 0.709375 0.00703125 0.02421875
1 0.596875 0.75 0.475 0.5
1 0.375 0.584375 0.03046875 0.09921875
1 0.3875 0.71875 0.0546875 0.3015625
1 0.95546875 0.8296875 0.0890625 0.340625
1 0.8890625 0.7234375 0.140625 0.25625
1 0.3796875 0.75625 0.040625 0.43125