1 0.784375 0.190625 0.43046875 0.38125
1 0.28515625 0.16484375 0.5703125 0.3296875
1 0.884375 0.78046875 0.23125 0.4390625
1 0.6125 0.678125 0.0828125 0.1828125
1 0.790625 0.68125 0.071875 0.1578125
1 0.9890625 0.659375 0.021875 0.1234375
1 0.709375 0.66875 0.0984375 0.1546875
1 0.02578125 0.5796875 0.0515625 0.284375
1 0.0890625 0.5875 0.0546875 0.290625
1 0.55 0.56875 0.04296875 0.36171875
1 0.2671875 0.603125 0.059375 0.2375
1 0.153125 0.590625 0.06875 0.296875
1 0.36875 0.609375 0.075 0.2359375
1 0.546875 0.5796875 0.0484375 0.38125
1 0.553125 0.5703125 0.03671875 0.3625
1 0.55 0.578125 0.03828125 0.38046875
1 0.453125 0.64375 0.053125 0.215625
1 0.50625 0.6015625 0.04296875 0.2625
1 0.540625 0.4546875 0.03203125 0.125
1 0.49375 0.4359375 0.0265625 0.09375
1 0.45 0.46875 0.04921875 0.16171875