1 0.675 0.05 0.0578125 0.1
1 0.65625 0.084375 0.04375 0.16328125
1 0.615625 0.140625 0.0578125 0.221875
1 0.8421875 0.021875 0.0375 0.0421875
1 0.7578125 0.053125 0.084375 0.10625
1 0.8234375 0.065625 0.04375 0.13125
1 0.790625 0.13125 0.021875 0.0765625
1 0.746875 0.24375 0.034375 0.140625
1 0.7 0.115625 0.028125 0.1125
1 0.7625 0.134375 0.03671875 0.09921875
1 0.703125 0.228125 0.0421875 0.159375
1 0.6734375 0.275 0.04140625 0.159375
1 0.603125 0.303125 0.0546875 0.1125
1 0.5109375 0.121875 0.021875 0.08671875
1 0.515625 0.25625 0.0484375 0.2078125
1 0.4859375 0.315625 0.009375 0.08671875
1 0.928125 0.034375 0.05703125 0.06875
1 0.8765625 0.025 0.0375 0.05
1 0.8703125 0.040625 0.04375 0.08125
1 0.984375 0.015625 0.03125 0.03046875
1 0.990625 0.0109375 0.0171875 0.021875
1 0.9875 0.05 0.02421875 0.1
1 0.98125 0.0421875 0.0296875 0.084375
1 0.95 0.04375 0.03203125 0.0875
1 0.9140625 0.084375 0.03125 0.10703125
1 0.85625 0.175 0.0328125 0.1203125
1 0.81875 0.196875 0.034375 0.10546875
1 0.9921875 0.028125 0.015625 0.05625
1 0.99375 0.0203125 0.01171875 0.040625
1 0.98125 0.04375 0.0375 0.0875
1 0.99375 0.0515625 0.0125 0.103125
1 0.9875 0.0953125 0.02421875 0.115625
1 0.9875 0.18125 0.0234375 0.146875
1 0.95 0.146875 0.03203125 0.13046875
1 0.984375 0.134375 0.03125 0.10625
1 0.9140625 0.190625 0.0359375 0.1265625
1 0.878125 0.2421875 0.03125 0.109375
1 0.8 0.26875 0.05 0.121875
1 0.759375 0.325 0.0390625 0.0671875
1 0.5953125 0.346875 0.05625 0.025
1 0.9875 0.040625 0.025 0.0796875
1 0.9953125 0.0140625 0.009375 0.028125
1 0.99375 0.0203125 0.0125 0.040625
1 0.9890625 0.153125 0.021875 0.12421875
1 0.9953125 0.203125 0.009375 0.08203125
1 0.99375 0.209375 0.01171875 0.06953125
1 0.984375 0.2375 0.03046875 0.146875
1 0.95 0.259375 0.0375 0.11875
1 0.978125 0.08125 0.04296875 0.16171875
1 0.990625 0.1234375 0.01875 0.0875
1 0.9875 0.184375 0.025 0.15546875
1 0.99375 0.2078125 0.0125 0.109375
1 0.9875 0.24375 0.02421875 0.13828125
1 0.99375 0.24375 0.0125 0.06875
1 0.915625 0.34375 0.02421875 0.03203125
1 0.9640625 0.3375 0.03125 0.0453125
1 0.65 0.340625 0.0390625 0.0375
1 0.715625 0.3375 0.03125 0.04453125
1 0.990625 0.290625 0.01875 0.103125
1 0.990625 0.33125 0.01875 0.05625
1 0.99375 0.315625 0.0125 0.0875
1 0.99375 0.328125 0.0125 0.0625
1 0.9875 0.271875 0.02421875 0.16171875
1 0.884375 0.34375 0.0171875 0.0328125
1 0.9953125 0.265625 0.009375 0.06796875
1 0.99375 0.2953125 0.0125 0.128125
1 0.99375 0.228125 0.0109375 0.090625
1 0.99375 0.3125 0.0125 0.09375
1 0.8375 0.340625 0.0140625 0.0375
1 0.19375 0.3484375 0.14453125 0.021875
1 0.9515625 0.7046875 0.096875 0.525
1 0.7265625 0.9734375 0.1375 0.053125
1 0.8796875 0.725 0.11640625 0.53046875
1 0.64375 0.7125 0.3265625 0.575
1 0.4 0.6234375 0.16171875 0.23125