1 0.596875 0.034375 0.053125 0.06875
1 0.65 0.015625 0.0328125 0.0296875
1 0.6953125 0.0109375 0.034375 0.021875
1 0.68125 0.065625 0.0484375 0.1296875
1 0.646875 0.05625 0.0296875 0.1125
1 0.615625 0.0609375 0.03203125 0.115625
1 0.5828125 0.115625 0.025 0.10703125
1 0.7234375 0.028125 0.03125 0.05625
1 0.753125 0.0203125 0.0234375 0.040625
1 0.80625 0.0578125 0.07578125 0.115625
1 0.728125 0.075 0.025 0.11328125
1 0.7734375 0.125 0.046875 0.115625
1 0.7078125 0.2109375 0.0484375 0.146875
1 0.615625 0.1765625 0.0328125 0.1296875
1 0.6515625 0.1640625 0.03984375 0.10625
1 0.584375 0.21875 0.028125 0.12578125
1 0.9609375 0.0546875 0.05 0.109375
1 0.990625 0.0140625 0.0171875 0.028125
1 0.871875 0.0203125 0.02578125 0.040625
1 0.825 0.184375 0.04453125 0.12421875
1 0.7734375 0.234375 0.01875 0.08203125
1 0.746875 0.240625 0.021875 0.06953125
1 0.6515625 0.26875 0.0328125 0.146875
1 0.615625 0.2875 0.0375 0.11875
1 0.884375 0.096875 0.084375 0.1875
1 0.978125 0.153125 0.040625 0.0875
1 0.9140625 0.2140625 0.05390625 0.15390625
1 0.95625 0.2375 0.0296875 0.109375
1 0.8625 0.271875 0.04921875 0.13828125
1 0.815625 0.275 0.02578125 0.06875
1 0.7078125 0.45625 0.040625 0.1265625
1 0.58125 0.40625 0.021875 0.1
1 0.6296875 0.3765625 0.03125 0.065625
1 0.646875 0.453125 0.034375 0.1
1 0.9203125 0.3203125 0.040625 0.103125
1 0.7703125 0.3828125 0.0390625 0.0984375
1 0.7078125 0.35 0.025 0.09375
1 0.68125 0.371875 0.028125 0.090625
1 0.8625 0.40625 0.03828125 0.09921875
1 0.978125 0.3 0.04375 0.1609375
1 0.58125 0.49375 0.01875 0.05
1 0.753125 0.2953125 0.0203125 0.0671875
1 0.7296875 0.325 0.028125 0.1296875
1 0.7875 0.259375 0.02421875 0.090625
1 0.821875 0.3421875 0.028125 0.09375
1 0.7546875 0.4578125 0.02734375 0.07890625
1 0.7375 0.4625 0.0234375 0.0625
1 0.853125 0.490625 0.0234375 0.0546875
1 0.615625 0.496875 0.034375 0.0421875
1 0.9296875 0.396875 0.034375 0.071875
1 0.89375 0.4265625 0.0234375 0.075
1 0.28515625 0.115625 0.5703125 0.23125
1 0.9125 0.84375 0.175 0.3125
1 0.071875 0.596875 0.14296875 0.09375