1 0.403125 0.034375 0.053125 0.06875
1 0.35 0.015625 0.0328125 0.0296875
1 0.3046875 0.0109375 0.034375 0.021875
1 0.31875 0.065625 0.0484375 0.1296875
1 0.353125 0.05625 0.0296875 0.1125
1 0.384375 0.0609375 0.0328125 0.115625
1 0.4171875 0.115625 0.025 0.1078125
1 0.2765625 0.028125 0.03125 0.05625
1 0.246875 0.0203125 0.0234375 0.040625
1 0.19375 0.0578125 0.0765625 0.115625
1 0.271875 0.075 0.025 0.1140625
1 0.2265625 0.125 0.046875 0.115625
1 0.2921875 0.2109375 0.0484375 0.146875
1 0.384375 0.1765625 0.0328125 0.1296875
1 0.3484375 0.1640625 0.0390625 0.10625
1 0.415625 0.21875 0.028125 0.1265625
1 0.0390625 0.0546875 0.05 0.109375
1 0.009375 0.0140625 0.0171875 0.028125
1 0.128125 0.0203125 0.0265625 0.040625
1 0.175 0.184375 0.0453125 0.1234375
1 0.2265625 0.234375 0.01875 0.0828125
1 0.253125 0.240625 0.021875 0.0703125
1 0.3484375 0.26875 0.0328125 0.146875
1 0.384375 0.2875 0.0375 0.11875
1 0.115625 0.096875 0.084375 0.1875
1 0.021875 0.153125 0.040625 0.0875
1 0.0859375 0.2140625 0.0546875 0.1546875
1 0.04375 0.2375 0.0296875 0.109375
1 0.1375 0.271875 0.0484375 0.1390625
1 0.184375 0.275 0.0265625 0.06875
1 0.2921875 0.45625 0.040625 0.1265625
1 0.41875 0.40625 0.021875 0.1
1 0.3703125 0.3765625 0.03125 0.065625
1 0.353125 0.453125 0.034375 0.1
1 0.0796875 0.3203125 0.040625 0.103125
1 0.2296875 0.3828125 0.0390625 0.0984375
1 0.2921875 0.35 0.025 0.09375
1 0.31875 0.371875 0.028125 0.090625
1 0.1375 0.40625 0.0390625 0.0984375
1 0.021875 0.3 0.04375 0.1609375
1 0.41875 0.49375 0.01875 0.05
1 0.246875 0.2953125 0.0203125 0.0671875
1 0.2703125 0.325 0.028125 0.1296875
1 0.2125 0.259375 0.0234375 0.090625
1 0.178125 0.3421875 0.028125 0.09375
1 0.2453125 0.4578125 0.0265625 0.0796875
1 0.2625 0.4625 0.0234375 0.0625
1 0.146875 0.490625 0.0234375 0.0546875
1 0.384375 0.496875 0.034375 0.0421875
1 0.0703125 0.396875 0.034375 0.071875
1 0.10625 0.4265625 0.0234375 0.075
1 0.71484375 0.115625 0.5703125 0.23125
1 0.0875 0.84375 0.175 0.3125
1 0.928125 0.596875 0.1421875 0.09375