1 0.325 0.05 0.0578125 0.1
1 0.34375 0.084375 0.04375 0.1640625
1 0.384375 0.140625 0.0578125 0.221875
1 0.1578125 0.021875 0.0375 0.0421875
1 0.2421875 0.053125 0.084375 0.10625
1 0.1765625 0.065625 0.04375 0.13125
1 0.209375 0.13125 0.021875 0.0765625
1 0.253125 0.24375 0.034375 0.140625
1 0.3 0.115625 0.028125 0.1125
1 0.2375 0.134375 0.0359375 0.0984375
1 0.296875 0.228125 0.0421875 0.159375
1 0.3265625 0.275 0.0421875 0.159375
1 0.396875 0.303125 0.0546875 0.1125
1 0.4890625 0.121875 0.021875 0.0859375
1 0.484375 0.25625 0.0484375 0.2078125
1 0.5140625 0.315625 0.009375 0.0859375
1 0.071875 0.034375 0.0578125 0.06875
1 0.1234375 0.025 0.0375 0.05
1 0.1296875 0.040625 0.04375 0.08125
1 0.015625 0.015625 0.03125 0.0296875
1 0.009375 0.0109375 0.0171875 0.021875
1 0.0125 0.05 0.0234375 0.1
1 0.01875 0.0421875 0.0296875 0.084375
1 0.05 0.04375 0.0328125 0.0875
1 0.0859375 0.084375 0.03125 0.1078125
1 0.14375 0.175 0.0328125 0.1203125
1 0.18125 0.196875 0.034375 0.1046875
1 0.0078125 0.028125 0.015625 0.05625
1 0.00625 0.0203125 0.0109375 0.040625
1 0.01875 0.04375 0.0375 0.0875
1 0.00625 0.0515625 0.0125 0.103125
1 0.0125 0.0953125 0.0234375 0.115625
1 0.0125 0.18125 0.0234375 0.146875
1 0.05 0.146875 0.0328125 0.1296875
1 0.015625 0.134375 0.03125 0.10625
1 0.0859375 0.190625 0.0359375 0.1265625
1 0.121875 0.2421875 0.03125 0.109375
1 0.2 0.26875 0.05 0.121875
1 0.240625 0.325 0.0390625 0.0671875
1 0.4046875 0.346875 0.05625 0.025
1 0.0125 0.040625 0.025 0.0796875
1 0.0046875 0.0140625 0.009375 0.028125
1 0.00625 0.0203125 0.0125 0.040625
1 0.0109375 0.153125 0.021875 0.1234375
1 0.0046875 0.203125 0.009375 0.0828125
1 0.00625 0.209375 0.0109375 0.0703125
1 0.015625 0.2375 0.0296875 0.146875
1 0.05 0.259375 0.0375 0.11875
1 0.021875 0.08125 0.0421875 0.1609375
1 0.009375 0.1234375 0.01875 0.0875
1 0.0125 0.184375 0.025 0.1546875
1 0.00625 0.2078125 0.0125 0.109375
1 0.0125 0.24375 0.0234375 0.1390625
1 0.00625 0.24375 0.0125 0.06875
1 0.084375 0.34375 0.0234375 0.0328125
1 0.0359375 0.3375 0.03125 0.0453125
1 0.35 0.340625 0.0390625 0.0375
1 0.284375 0.3375 0.03125 0.0453125
1 0.009375 0.290625 0.01875 0.103125
1 0.009375 0.33125 0.01875 0.05625
1 0.00625 0.315625 0.0125 0.0875
1 0.00625 0.328125 0.0125 0.0625
1 0.0125 0.271875 0.0234375 0.1609375
1 0.115625 0.34375 0.0171875 0.0328125
1 0.0046875 0.265625 0.009375 0.0671875
1 0.00625 0.2953125 0.0125 0.128125
1 0.00625 0.228125 0.0109375 0.090625
1 0.00625 0.3125 0.0125 0.09375
1 0.1625 0.340625 0.0140625 0.0375
1 0.80625 0.3484375 0.1453125 0.021875
1 0.0484375 0.7046875 0.096875 0.525
1 0.2734375 0.9734375 0.1375 0.053125
1 0.1203125 0.725 0.1171875 0.5296875
1 0.35625 0.7125 0.3265625 0.575
1 0.6 0.6234375 0.1609375 0.23125