1 0.240625 0.234375 0.4796875 0.46875
1 0.0734375 0.409375 0.146875 0.11953125
1 0.41875 0.303125 0.11953125 0.33203125
1 0.2140625 0.396875 0.128125 0.1453125
1 0.684375 0.184375 0.11953125 0.25703125
1 0.81875 0.203125 0.16875 0.26171875
1 0.6125 0.1875 0.265625 0.375
1 0.4625 0.8390625 0.034375 0.184375
1 0.18125 0.7296875 0.3625 0.521875
1 0.94375 0.578125 0.1109375 0.2125
1 0.590625 0.7484375 0.075 0.140625
1 0.7734375 0.584375 0.12890625 0.203125
1 0.70625 0.803125 0.075 0.1875
1 0.503125 0.840625 0.04921875 0.31875
1 0.50625 0.8640625 0.0546875 0.271875
1 0.515625 0.840625 0.071875 0.31796875
1 0.5125 0.8234375 0.06328125 0.265625
1 0.5 0.6171875 0.040625 0.10625
1 0.5 0.6234375 0.0390625 0.0625
1 0.8359375 0.796875 0.140625 0.40625
1 0.946875 0.803125 0.10625 0.3921875
1 0.609375 0.6453125 0.0390625 0.0609375