1 0.759375 0.234375 0.4796875 0.46875
1 0.9265625 0.409375 0.146875 0.11953125
1 0.58125 0.303125 0.11953125 0.33203125
1 0.7859375 0.396875 0.128125 0.1453125
1 0.315625 0.184375 0.1203125 0.2578125
1 0.18125 0.203125 0.16875 0.2609375
1 0.3875 0.1875 0.265625 0.375
1 0.5375 0.8390625 0.034375 0.184375
1 0.81875 0.7296875 0.3625 0.521875
1 0.05625 0.578125 0.1109375 0.2125
1 0.409375 0.7484375 0.075 0.140625
1 0.2265625 0.584375 0.1296875 0.203125
1 0.29375 0.803125 0.075 0.1875
1 0.496875 0.840625 0.04921875 0.31875
1 0.49375 0.8640625 0.0546875 0.271875
1 0.484375 0.840625 0.071875 0.31796875
1 0.4875 0.8234375 0.0640625 0.265625
1 0.5 0.6171875 0.040625 0.10625
1 0.5 0.6234375 0.03828125 0.0625
1 0.1640625 0.796875 0.140625 0.40625
1 0.053125 0.803125 0.10625 0.39296875
1 0.390625 0.6453125 0.0390625 0.0609375