1 0.075 0.184375 0.15 0.36875
1 0.8546875 0.059375 0.13125 0.1171875
1 0.5625 0.078125 0.146875 0.1546875
1 0.53125 0.075 0.0828125 0.1484375
1 0.68125 0.090625 0.1859375 0.1796875
1 0.9390625 0.0359375 0.084375 0.071875
1 0.9671875 0.090625 0.0625 0.096875
1 0.8953125 0.05625 0.059375 0.1125
1 0.8390625 0.09375 0.0671875 0.0984375
1 0.784375 0.028125 0.0921875 0.05625
1 0.6359375 0.028125 0.071875 0.0546875
1 0.703125 0.0328125 0.0546875 0.065625
1 0.771875 0.0734375 0.059375 0.1
1 0.921875 0.146875 0.05 0.0765625
1 0.9625 0.165625 0.0359375 0.075
1 0.990625 0.23125 0.0171875 0.0890625
1 0.584375 0.128125 0.0484375 0.0875
1 0.665625 0.140625 0.0359375 0.078125
1 0.565625 0.1875 0.040625 0.0828125
1 0.521875 0.0625 0.0640625 0.125
1 0.5359375 0.071875 0.09375 0.14375
1 0.509375 0.0359375 0.0390625 0.071875
1 0.5125 0.05 0.0484375 0.1
1 0.503125 0.071875 0.028125 0.1359375
1 0.5015625 0.11875 0.025 0.09375
1 0.5015625 0.09375 0.025 0.0984375
1 0.5 0.134375 0.0203125 0.0953125
1 0.5 0.18125 0.0203125 0.0640625
1 0.496875 0.228125 0.0171875 0.0609375
1 0.496875 0.25625 0.0171875 0.0671875
1 0.5 0.209375 0.0203125 0.06875
1 0.6625 0.309375 0.0609375 0.090625
1 0.5 0.275 0.0203125 0.0640625
1 0.5171875 0.16875 0.0375 0.0703125
1 0.28125 0.6453125 0.415625 0.553125
1 0.94375 0.721875 0.0453125 0.1375
1 0.9875 0.5234375 0.025 0.13125
1 0.615625 0.95 0.0703125 0.0984375
1 0.596875 0.509375 0.0328125 0.10625
1 0.5 0.53125 0.0234375 0.0609375
1 0.7328125 0.5125 0.034375 0.0734375
1 0.83125 0.403125 0.040625 0.0671875
1 0.759375 0.75 0.034375 0.1234375
1 0.8875 0.671875 0.0640625 0.2859375
1 0.721875 0.90234375 0.071875 0.1953125
1 0.834375 0.953125 0.0421875 0.09375
1 0.6265625 0.6625 0.03125 0.078125
1 0.5625 0.56875 0.03125 0.0828125
1 0.534375 0.6359375 0.028125 0.0515625
1 0.5234375 0.75625 0.06875 0.2078125
1 0.696875 0.675 0.0671875 0.1875
1 0.74375 0.6046875 0.0671875 0.134375
1 0.815625 0.6296875 0.059375 0.1015625
1 0.85 0.696875 0.0390625 0.1171875
1 0.79375 0.9046875 0.05625 0.190625
1 0.921875 0.9515625 0.0546875 0.096875
1 0.95 0.6125 0.0671875 0.1171875
1 0.98671875 0.71171875 0.0265625 0.1640625
1 0.5828125 0.725 0.0390625 0.1328125
1 0.646875 0.6828125 0.053125 0.2078125
1 0.7984375 0.5515625 0.028125 0.075
1 0.8625 0.446875 0.021875 0.0625
1 0.890625 0.425 0.021875 0.053125
1 0.88125 0.4875 0.015625 0.075
1 0.9046875 0.459375 0.025 0.059375
1 0.76875 0.415625 0.0203125 0.0453125
1 0.7875 0.4359375 0.0203125 0.0484375
1 0.80625 0.43125 0.01875 0.04375
1 0.65625 0.534375 0.0265625 0.0546875
1 0.6671875 0.56875 0.01875 0.0484375
1 0.69375 0.53125 0.0203125 0.0671875
1 0.603125 0.384375 0.0296875 0.03125
1 0.690625 0.3796875 0.01875 0.021875
1 0.496875 0.453125 0.0140625 0.0484375