1 0.1296875 0.2796875 0.259375 0.559375
1 0.5 0.14375 0.1765625 0.2875
1 0.5078125 0.584375 0.040625 0.0515625
1 0.2703125 0.603125 0.021875 0.0890625
1 0.58125 0.5734375 0.015625 0.028125
1 0.334375 0.571875 0.01875 0.025
1 0.334375 0.565625 0.0109375 0.0140625
1 0.409375 0.571875 0.015625 0.0234375
1 0.921875 0.575 0.0140625 0.0296875
1 0.890625 0.575 0.0171875 0.03125
1 0.609375 0.575 0.0140625 0.03125
1 0.678125 0.56875 0.0140625 0.01875
1 0.6796875 0.56875 0.0125 0.01875
1 0.6265625 0.575 0.0125 0.0328125
1 0.68125 0.575 0.01875 0.03125
1 0.690625 0.56875 0.0109375 0.01875
1 0.63125 0.56875 0.0109375 0.0203125
1 0.60625 0.5671875 0.009375 0.015625
1 0.609375 0.5671875 0.0078125 0.015625
1 0.6265625 0.5796875 0.01875 0.040625
1 0.64375 0.56875 0.0140625 0.0171875
1 0.8875 0.58125 0.0109375 0.0453125
1 0.809375 0.5828125 0.015625 0.046875
1 0.834375 0.575 0.015625 0.03125