0 0.4859375 0.47421875 0.07578125 0.66328125
0 0.28046875 0.271875 0.028125 0.1921875
1 0.5984375 0.25 0.12890625 0.06796875
1 0.58984375 0.190625 0.05703125 0.04140625
1 0.6546875 0.19453125 0.075 0.04140625
1 0.728125 0.19140625 0.0703125 0.03828125
1 0.05390625 0.30078125 0.08125 0.04453125
1 0.1125 0.29296875 0.06015625 0.05703125
1 0.13515625 0.25 0.07734375 0.040625
1 0.82578125 0.2671875 0.1515625 0.0640625
1 0.378125 0.2625 0.034375 0.0375
1 0.025 0.2421875 0.0421875 0.0390625
1 0.9703125 0.3609375 0.0453125 0.06796875
1 0.16796875 0.19609375 0.02890625 0.03671875
1 0.08359375 0.20390625 0.034375 0.03203125
