0 0.5015625 0.48046875 0.090625 0.5984375
0 0.29609375 0.2578125 0.05 0.15703125
0 0.53046875 0.23828125 0.0421875 0.15
0 0.296875 0.15546875 0.01796875 0.07734375
0 0.3828125 0.13671875 0.0265625 0.07109375
0 0.6796875 0.171875 0.0125 0.05859375
1 0.753125 0.4765625 0.14453125 0.12109375
1 0.56484375 0.47421875 0.16640625 0.19140625
1 0.2234375 0.403125 0.1265625 0.15234375
1 0.07578125 0.3078125 0.07734375 0.06171875
1 0.15546875 0.2 0.06875 0.0875
1 0.32734375 0.203125 0.05625 0.08359375
1 0.6625 0.25 0.1328125 0.09375
1 0.8484375 0.15859375 0.065625 0.04453125
1 0.77265625 0.16328125 0.03203125 0.02109375
1 0.7265625 0.1609375 0.0359375 0.05390625
