0 0.1359375 0.5 0.17109375 0.5234375
0 0.05546875 0.05390625 0.06875 0.10625
0 0.2234375 0.0703125 0.0640625 0.13984375
0 0.46640625 0.13125 0.0859375 0.2546875
0 0.47421875 0.50546875 0.1484375 0.5109375
0 0.81640625 0.48046875 0.184375 0.7453125
0 0.6375 0.36796875 0.0484375 0.29140625
0 0.56328125 0.3234375 0.0296875 0.253125
0 0.54296875 0.76171875 0.046875 0.07109375
0 0.89375 0.80625 0.034375 0.0703125
0 0.20625 0.72890625 0.02734375 0.05078125
0 0.2546875 0.121875 0.02421875 0.04140625
0 0.07734375 0.09296875 0.01875 0.025
0 0.084375 0.74296875 0.028125 0.06953125
0 0.41328125 0.7515625 0.0171875 0.0890625
0 0.196875 0.121875 0.0140625 0.04765625
0 0.0421875 0.0953125 0.01484375 0.03046875
