0 0.4984375 0.44609375 0.159375 0.590625
0 0.33984375 0.25703125 0.04921875 0.196875
0 0.5578125 0.24609375 0.05078125 0.1578125
1 0.20625 0.25546875 0.05625 0.0234375
1 0.0765625 0.27421875 0.03671875 0.02421875
1 0.13671875 0.2578125 0.0359375 0.02890625
1 0.02421875 0.28671875 0.0484375 0.021875
1 0.03828125 0.2609375 0.03046875 0.02421875
1 0.08125 0.25546875 0.04296875 0.0203125
1 0.22421875 0.2375 0.04765625 0.015625
1 0.39609375 0.2109375 0.05703125 0.02578125
1 0.53203125 0.16015625 0.05625 0.03125
1 0.6078125 0.14140625 0.08046875 0.02890625
1 0.66171875 0.1671875 0.03984375 0.028125
1 0.73203125 0.15234375 0.05234375 0.040625
