0 0.47578125 0.43671875 0.1046875 0.765625
0 0.83046875 0.334375 0.10625 0.45
0 0.3125 0.22109375 0.0453125 0.30234375
1 0.5953125 0.509375 0.13203125 0.1703125
1 0.071875 0.3234375 0.14375 0.1625
1 0.9703125 0.17109375 0.05859375 0.14765625
1 0.865625 0.59609375 0.26796875 0.21171875
1 0.275 0.15546875 0.028125 0.0375
1 0.2015625 0.14609375 0.0265625 0.03046875
1 0.171875 0.11171875 0.03046875 0.02734375
1 0.0703125 0.1375 0.01484375 0.0265625
1 0.0546875 0.1140625 0.01484375 0.02578125
1 0.0359375 0.10390625 0.0203125 0.03046875
1 0.01015625 0.1078125 0.01953125 0.0203125
1 0.134375 0.1 0.02265625 0.0296875
1 0.18359375 0.09453125 0.02734375 0.02890625
1 0.1109375 0.096875 0.015625 0.02421875
1 0.0890625 0.0953125 0.02734375 0.01875
1 0.2546875 0.10859375 0.0234375 0.0328125
