0 0.53203125 0.44453125 0.096875 0.60703125
0 0.35625 0.2640625 0.065625 0.1921875
0 0.66484375 0.25234375 0.03203125 0.2109375
1 0.91953125 0.221875 0.0578125 0.10234375
1 0.8671875 0.22734375 0.04140625 0.05625
1 0.8125 0.23046875 0.065625 0.05390625
1 0.76015625 0.29765625 0.04765625 0.0921875
1 0.8109375 0.38515625 0.0546875 0.0578125
1 0.73515625 0.38671875 0.053125 0.05625
1 0.675 0.3953125 0.06640625 0.04296875
1 0.07734375 0.34375 0.02265625 0.059375
1 0.028125 0.35078125 0.05625 0.059375
1 0.0546875 0.30703125 0.03828125 0.05234375
1 0.1046875 0.24609375 0.03515625 0.0640625
1 0.2359375 0.23046875 0.0390625 0.0328125
1 0.9546875 0.3953125 0.046875 0.05703125
