0 0.5 0.3984375 0.0671875 0.584375
0 0.31171875 0.16484375 0.028125 0.2203125
0 0.91171875 0.35703125 0.08671875 0.33125
1 0.5890625 0.2421875 0.08515625 0.09453125
1 0.690625 0.2453125 0.103125 0.09375
1 0.82109375 0.25703125 0.1296875 0.11015625
1 0.8125 0.14453125 0.15078125 0.0625
1 0.94765625 0.14375 0.10390625 0.0640625
1 0.3984375 0.23203125 0.121875 0.0609375
1 0.140625 0.1953125 0.1171875 0.06640625
1 0.0765625 0.33984375 0.134375 0.08203125
1 0.09921875 0.11171875 0.0609375 0.05234375
1 0.9796875 0.26171875 0.040625 0.09609375
