0 0.490625 0.41875 0.09375 0.5734375
0 0.03671875 0.190625 0.0578125 0.1375
0 0.28359375 0.165625 0.0390625 0.15703125
0 0.54921875 0.1609375 0.059375 0.1546875
1 0.1921875 0.14609375 0.0609375 0.07578125
1 0.3546875 0.1625 0.06875 0.08125
1 0.13203125 0.05 0.06171875 0.06171875
1 0.06015625 0.03515625 0.07265625 0.04140625
1 0.09921875 0.115625 0.0546875 0.0578125
1 0.2640625 0.04140625 0.06484375 0.05390625
1 0.47734375 0.071875 0.09453125 0.0703125
1 0.83984375 0.08046875 0.06953125 0.0484375
1 0.890625 0.165625 0.03984375 0.06953125
