0 0.51328125 0.4515625 0.12734375 0.75859375
0 0.303125 0.165625 0.03671875 0.209375
1 0.784375 0.13984375 0.05859375 0.03515625
1 0.63046875 0.128125 0.08125 0.04140625
1 0.1375 0.13828125 0.06640625 0.040625
1 0.05234375 0.096875 0.04453125 0.0203125
1 0.4 0.11953125 0.08671875 0.03671875
1 0.63671875 0.078125 0.078125 0.03046875
1 0.5546875 0.0796875 0.0703125 0.04453125
1 0.475 0.11015625 0.04921875 0.0359375
1 0.17265625 0.1078125 0.05859375 0.03203125
1 0.92578125 0.13515625 0.0390625 0.04765625
