0 0.53359375 0.46640625 0.09375 0.63828125
0 0.05234375 0.375 0.07734375 0.37265625
0 0.94765625 0.284375 0.03984375 0.11953125
1 0.234375 0.15625 0.06796875 0.0765625
1 0.29609375 0.15234375 0.034375 0.05078125
1 0.3484375 0.18125 0.04609375 0.05703125
1 0.45546875 0.18203125 0.059375 0.06796875
1 0.61328125 0.19453125 0.065625 0.04765625
1 0.26796875 0.10625 0.0671875 0.01796875
1 0.07109375 0.1484375 0.084375 0.06015625
1 0.1640625 0.1578125 0.0703125 0.0515625
1 0.80625 0.1546875 0.05859375 0.04921875
1 0.9484375 0.11796875 0.071875 0.04765625
1 0.75625 0.1890625 0.04921875 0.06953125
1 0.53515625 0.13046875 0.065625 0.03125
1 0.63203125 0.10078125 0.04765625 0.03515625
1 0.1546875 0.1 0.05390625 0.02578125
