1 0.60625 0.2328125 0.065625 0.2375
1 0.8921875 0.08125 0.1875 0.1625
1 0.321875 0.69375 0.0359375 0.0953125
1 0.009375 0.75 0.01875 0.11875
1 0.371875 0.96875 0.04375 0.0609375
1 0.053125 0.971875 0.0515625 0.05625
1 0.10625 0.98125 0.0515625 0.0375
1 0.0640625 0.878125 0.0421875 0.096875
1 0.25546875 0.96484375 0.0421875 0.0703125
1 0.103125 0.9078125 0.04375 0.1140625
1 0.021875 0.871875 0.04375 0.1296875
1 0.3921875 0.7640625 0.0375 0.134375
1 0.00625 0.596875 0.0125 0.0703125
1 0.4046875 0.8875 0.046875 0.125
1 0.18984375 0.96171875 0.0484375 0.0765625
1 0.0125 0.928125 0.0234375 0.1078125
1 0.015625 0.9140625 0.03125 0.13125
1 0.575 0.578125 0.040625 0.096875
1 0.325 0.965625 0.0515625 0.0671875
1 0.625 0.69375 0.0265625 0.0625
1 0.1328125 0.8015625 0.028125 0.078125
1 0.0125 0.953125 0.025 0.0921875
1 0.1328125 0.859375 0.03125 0.075
1 0.49375 0.9546875 0.034375 0.090625
1 0.2375 0.9265625 0.040625 0.1109375
1 0.20625 0.83125 0.034375 0.0734375
1 0.54375 0.625 0.046875 0.1125
1 0.134375 0.9421875 0.03125 0.1015625
1 0.19375 0.66875 0.0375 0.1015625
1 0.2734375 0.6828125 0.0421875 0.1234375
1 0.41875 0.9734375 0.0296875 0.053125
1 0.09375 0.6359375 0.040625 0.1046875
1 0.546875 0.803125 0.0375 0.06875
1 0.0140625 0.8515625 0.028125 0.140625
1 0.009375 0.6046875 0.0171875 0.078125
1 0.103125 0.7390625 0.0328125 0.0796875
1 0.253125 0.8125 0.0421875 0.125
1 0.628125 0.83125 0.0203125 0.1296875
1 0.428125 0.6328125 0.04375 0.1375
1 0.55 0.94375 0.046875 0.1109375
1 0.7125 0.653125 0.1453125 0.2484375
1 0.8328125 0.696875 0.10625 0.25625
1 0.80625 0.903125 0.0921875 0.1921875
1 0.690625 0.86875 0.1046875 0.2171875