1 0.0984375 0.3 0.196875 0.4109375
1 0.4125 0.20625 0.046875 0.1796875
1 0.4140625 0.384375 0.05 0.15
1 0.40625 0.5109375 0.0359375 0.19375
1 0.4109375 0.390625 0.04375 0.1703125
1 0.453125 0.453125 0.0828125 0.1375
1 0.84375 0.4296875 0.1 0.1953125
1 0.709375 0.3875 0.078125 0.1609375
1 0.871875 0.2796875 0.05625 0.0984375
1 0.965625 0.5390625 0.06875 0.240625
1 0.9640625 0.44375 0.065625 0.1328125
1 0.984375 0.190625 0.0296875 0.2046875
1 0.94375 0.275 0.065625 0.125
1 0.51875 0.1328125 0.0640625 0.13125
1 0.4078125 0.2125 0.0375 0.1890625
1 0.446875 0.025 0.05 0.05
1 0.409375 0.03125 0.040625 0.0609375
1 0.825 0.3125 0.0484375 0.0984375
1 0.6125 0.09375 0.09375 0.1875
1 0.40625 0.0515625 0.0328125 0.103125
1 0.584375 0.453125 0.1421875 0.4109375
1 0.440625 0.50625 0.1015625 0.3046875
1 0.7 0.1671875 0.134375 0.315625
1 0.80625 0.1078125 0.1078125 0.215625
1 0.90625 0.09375 0.1234375 0.1875
1 0.5625 0.04375 0.0671875 0.0875
1 0.0984375 0.8296875 0.196875 0.340625
1 0.59375 0.840625 0.4109375 0.3171875