1 0.103125 0.4359375 0.0546875 0.284375
1 0.1671875 0.428125 0.053125 0.2890625
1 0.665625 0.5046875 0.084375 0.478125
1 0.3453125 0.4125 0.0609375 0.2375
1 0.23125 0.425 0.06875 0.296875
1 0.446875 0.40625 0.0765625 0.2359375
1 0.8375 0.48125 0.096875 0.4703125
1 0.9421875 0.4546875 0.0734375 0.38125
1 0.75625 0.4796875 0.078125 0.4671875
1 0.53125 0.371875 0.0515625 0.215625
1 0.584375 0.4140625 0.0421875 0.2625
1 0.61875 0.5609375 0.034375 0.125
1 0.571875 0.5875 0.0265625 0.1125
1 0.5265625 0.5578125 0.0484375 0.184375