1 0.3328125 0.078125 0.165625 0.1546875
1 0.540625 0.1796875 0.1171875 0.359375
1 0.196875 0.225 0.321875 0.45
1 0.5296875 0.0703125 0.078125 0.140625
1 0.1640625 0.1125 0.15 0.225
1 0.428125 0.08125 0.1140625 0.1609375
1 0.828125 0.1359375 0.34375 0.271875
1 0.06796875 0.88984375 0.0921875 0.2203125
1 0.53125 0.50625 0.06875 0.1140625
1 0.2875 0.803125 0.078125 0.1609375
1 0.521875 0.709375 0.090625 0.3328125
1 0.221875 0.4859375 0.053125 0.071875
1 0.18125 0.54375 0.059375 0.103125
1 0.575 0.7234375 0.0484375 0.359375
1 0.39375 0.478125 0.059375 0.0546875
1 0.334375 0.475 0.046875 0.0484375
1 0.125 0.484375 0.0609375 0.0671875
1 0.371875 0.69375 0.15625 0.4109375
1 0.0125 0.93984375 0.025 0.1203125
1 0.159375 0.703125 0.0453125 0.1125
1 0.1875 0.66875 0.0359375 0.1375
1 0.284375 0.6 0.0375 0.1125
1 0.8 0.725 0.4 0.55