1 0.56875 0.121875 0.1609375 0.228125
1 0.2265625 0.153125 0.446875 0.30625
1 0.35 0.7296875 0.7 0.540625
1 0.92109375 0.82421875 0.1578125 0.3515625
1 0.7546875 0.83984375 0.109375 0.3203125
1 0.721875 0.65625 0.0421875 0.1453125
1 0.715625 0.634375 0.0328125 0.1265625
1 0.721875 0.590625 0.0421875 0.109375
1 0.715625 0.5453125 0.0296875 0.121875
1 0.715625 0.534375 0.03125 0.096875
1 0.725 0.571875 0.0515625 0.1171875
1 0.778125 0.53125 0.0671875 0.0984375
1 0.83125 0.6546875 0.0921875 0.115625
1 0.971875 0.63125 0.0546875 0.1109375
1 0.915625 0.60625 0.0546875 0.0953125
1 0.84375 0.5515625 0.059375 0.1
1 0.7125 0.4875 0.025 0.0578125
1 0.709375 0.478125 0.0171875 0.0375
1 0.715625 0.48125 0.0296875 0.04375
1 0.95 0.490625 0.0359375 0.0625
1 0.9546875 0.48125 0.059375 0.0453125