1 0.540625 0.125 0.265625 0.25
1 0.7 0.58125 0.0203125 0.0578125
1 0.69375 0.471875 0.0109375 0.0484375
1 0.696875 0.59375 0.0171875 0.03125
1 0.759375 0.365625 0.0359375 0.1203125
1 0.984375 0.5375 0.0296875 0.1453125
1 0.821875 0.578125 0.0359375 0.0625
1 0.69375 0.4796875 0.0109375 0.0625
1 0.69375 0.415625 0.009375 0.0546875
1 0.69375 0.540625 0.0109375 0.0703125
1 0.81875 0.428125 0.028125 0.1109375
1 0.69375 0.5515625 0.0109375 0.0625
1 0.6953125 0.378125 0.0125 0.0765625
1 0.6953125 0.51875 0.0125 0.0640625
1 0.85625 0.4390625 0.0375 0.140625
1 0.69375 0.428125 0.0109375 0.0828125
1 0.6953125 0.415625 0.0125 0.0765625
1 0.69375 0.584375 0.0109375 0.05
1 0.6953125 0.40625 0.0125 0.0609375
1 0.696875 0.45625 0.0140625 0.0546875
1 0.8296875 0.490625 0.0203125 0.0734375
1 0.70625 0.4734375 0.025 0.084375
1 0.6953125 0.44375 0.0125 0.0875
1 0.696875 0.546875 0.0171875 0.0765625
1 0.696875 0.49375 0.0171875 0.10625
1 0.703125 0.55625 0.028125 0.10625
1 0.6984375 0.53125 0.01875 0.0578125
1 0.69375 0.278125 0.0078125 0.03125
1 0.69375 0.2921875 0.0078125 0.01875
1 0.690625 0.290625 0.0046875 0.0203125
1 0.80625 0.271875 0.0265625 0.0453125
1 0.7 0.290625 0.0125 0.01875
1 0.1109375 0.821875 0.221875 0.35625
1 0.665625 0.821875 0.0453125 0.35625
1 0.55 0.8046875 0.1578125 0.390625
1 0.465625 0.8078125 0.0625 0.384375
1 0.359375 0.8359375 0.0765625 0.328125
1 0.271875 0.834375 0.0703125 0.33125
1 0.221875 0.828125 0.0734375 0.34375
1 0.0875 0.7625 0.071875 0.2046875
1 0.01875 0.7953125 0.0359375 0.275
1 0.8734375 0.84375 0.253125 0.3109375