0 0.50078125 0.59765625 0.56328125 0.80390625
1 0.5453125 0.04140625 0.03828125 0.06484375
1 0.4734375 0.0578125 0.0390625 0.084375
1 0.42265625 0.090625 0.06640625 0.06171875
1 0.47578125 0.178125 0.0453125 0.0703125
1 0.515625 0.1875 0.04140625 0.05390625
1 0.64140625 0.2015625 0.05859375 0.07265625
1 0.35234375 0.18984375 0.0484375 0.06015625
1 0.04375 0.1921875 0.08203125 0.09140625
1 0.15 0.19609375 0.0390625 0.06953125
1 0.28671875 0.19140625 0.046875 0.0734375
1 0.9359375 0.1953125 0.03828125 0.05703125
1 0.8515625 0.19453125 0.0984375 0.05234375
