0 0.55703125 0.4671875 0.09609375 0.64140625
0 0.40234375 0.26015625 0.03203125 0.13046875
0 0.68203125 0.240625 0.03359375 0.2546875
0 0.715625 0.178125 0.025 0.109375
0 0.2625 0.1703125 0.01953125 0.06953125
1 0.70390625 0.51484375 0.090625 0.07734375
1 0.44140625 0.5125 0.0625 0.059375
1 0.3328125 0.5140625 0.05390625 0.0796875
1 0.25234375 0.5015625 0.08125 0.09453125
1 0.59375 0.50859375 0.065625 0.06484375
1 0.81640625 0.5078125 0.08671875 0.0984375
1 0.96484375 0.51171875 0.0703125 0.0828125
1 0.80703125 0.14765625 0.01875 0.025
1 0.4546875 0.10625 0.0875 0.03125
1 0.5296875 0.1140625 0.04296875 0.0265625
1 0.63046875 0.11953125 0.028125 0.04296875
