0 0.5140625 0.45859375 0.1234375 0.71953125
0 0.696875 0.2 0.0265625 0.24296875
0 0.4203125 0.23515625 0.0421875 0.15703125
1 0.828125 0.5890625 0.140625 0.27734375
1 0.69453125 0.78671875 0.11640625 0.13125
1 0.559375 0.865625 0.08203125 0.08828125
1 0.6484375 0.6734375 0.17734375 0.115625
1 0.9859375 0.2671875 0.0203125 0.09453125
1 0.95 0.25703125 0.0453125 0.125
1 0.9046875 0.2609375 0.04765625 0.10390625
1 0.8640625 0.2609375 0.025 0.08984375
1 0.83984375 0.259375 0.01796875 0.08515625
1 0.8140625 0.2828125 0.0359375 0.04609375
1 0.77421875 0.2578125 0.05078125 0.08671875
1 0.5984375 0.2625 0.08984375 0.0765625
1 0.5015625 0.25 0.05625 0.0875
1 0.40390625 0.28125 0.05078125 0.059375
1 0.34375 0.2765625 0.03203125 0.06875
1 0.37421875 0.53828125 0.08984375 0.159375
1 0.1828125 0.54609375 0.11875 0.1546875
1 0.1453125 0.37109375 0.10234375 0.06796875
1 0.0296875 0.37578125 0.05859375 0.09609375
1 0.1875 0.27109375 0.08359375 0.11875
1 0.246875 0.26953125 0.05546875 0.1140625
1 0.2953125 0.2703125 0.05703125 0.1015625
1 0.05703125 0.25625 0.0375 0.05859375
1 0.0140625 0.25703125 0.02734375 0.05703125
