0 0.53828125 0.42734375 0.090625 0.6703125
0 0.6484375 0.2625 0.0390625 0.2640625
0 0.35546875 0.30390625 0.0578125 0.16953125
0 0.88984375 0.29921875 0.0328125 0.16328125
1 0.05078125 0.60390625 0.08515625 0.265625
1 0.1984375 0.6125 0.0875 0.17578125
1 0.3046875 0.58671875 0.10390625 0.21875
1 0.39765625 0.59140625 0.07109375 0.18984375
1 0.778125 0.59609375 0.1390625 0.24453125
1 0.9734375 0.59921875 0.053125 0.25
1 0.9046875 0.64765625 0.09609375 0.16953125
1 0.9828125 0.29296875 0.03359375 0.0921875
1 0.928125 0.3125 0.05390625 0.05390625
