0 0.4984375 0.46015625 0.09609375 0.7015625
0 0.11484375 0.303125 0.0671875 0.33984375
0 0.96484375 0.25 0.0359375 0.23359375
1 0.74609375 0.28515625 0.1046875 0.11875
1 0.82421875 0.17265625 0.09609375 0.09765625
1 0.49765625 0.28359375 0.1515625 0.11484375
1 0.3640625 0.3046875 0.0640625 0.07734375
1 0.39921875 0.28828125 0.04296875 0.090625
1 0.2875 0.3109375 0.09921875 0.0625
1 0.178125 0.25 0.115625 0.16640625
1 0.05859375 0.18046875 0.096875 0.09375
1 0.0109375 0.26484375 0.021875 0.109375
1 0.9703125 0.0953125 0.0578125 0.065625
1 0.64375 0.3171875 0.0578125 0.078125
