0 0.56484375 0.47265625 0.13125 0.6328125
0 0.46328125 0.2453125 0.046875 0.1984375
0 0.7109375 0.234375 0.02421875 0.1875
0 0.9234375 0.21953125 0.01328125 0.1640625
1 0.396875 0.1328125 0.05234375 0.02890625
1 0.47265625 0.13515625 0.05390625 0.03046875
1 0.55078125 0.13828125 0.065625 0.0296875
1 0.984375 0.15625 0.03125 0.0515625
1 0.63125 0.140625 0.03046875 0.03828125
1 0.21171875 0.1171875 0.0671875 0.05
1 0.29609375 0.12734375 0.025 0.03828125
1 0.46015625 0.10625 0.06015625 0.02421875
1 0.81015625 0.10078125 0.053125 0.01328125
1 0.915625 0.1109375 0.06015625 0.034375
1 0.09921875 0.13203125 0.0421875 0.028125
