0 0.49453125 0.43125 0.11484375 0.7015625
0 0.79296875 0.1265625 0.065625 0.24609375
0 0.3953125 0.071875 0.0234375 0.1328125
0 0.20078125 0.06796875 0.0234375 0.128125
1 0.04375 0.68203125 0.0875 0.3859375
1 0.10234375 0.8890625 0.146875 0.21484375
1 0.2671875 0.88203125 0.2015625 0.2359375
1 0.409375 0.871875 0.11875 0.25625
1 0.56328125 0.86484375 0.2015625 0.2703125
1 0.23984375 0.2921875 0.05703125 0.07265625
1 0.0765625 0.31640625 0.0390625 0.05625
1 0.025 0.3 0.04921875 0.07109375
1 0.0171875 0.14296875 0.034375 0.0515625
1 0.35390625 0.29140625 0.075 0.07578125
1 0.85 0.325 0.04296875 0.059375
1 0.88359375 0.2828125 0.03203125 0.0375
1 0.95078125 0.325 0.03203125 0.0375
